1  1808500.0,5872500.0  1809500.0,5872500.0 
2  1809500.0,5872500.0  1809500.0,5873500.0 
3  1809500.0,5873500.0  1810500.0,5873500.0 
4  1810500.0,5873500.0  1811500.0,5873500.0 
5  1811500.0,5873500.0  1811500.0,5874500.0 
6  1811500.0,5874500.0  1811500.0,5875500.0 
7  1811500.0,5875500.0  1811500.0,5876500.0 
8  1811500.0,5876500.0  1812500.0,5876500.0 
9  1812500.0,5876500.0  1812500.0,5876500.0 
10  1816500.0,5866500.0  1816500.0,5867500.0 
11  1816500.0,5867500.0  1816500.0,5868500.0 
12  1816500.0,5868500.0  1815500.0,5868500.0 
13  1815500.0,5868500.0  1815500.0,5869500.0 
14  1815500.0,5869500.0  1815500.0,5870500.0 
15  1815500.0,5870500.0  1814500.0,5870500.0 
16  1814500.0,5870500.0  1814500.0,5871500.0 
17  1814500.0,5871500.0  1814500.0,5872500.0 
18  1814500.0,5872500.0  1813500.0,5872500.0 
19  1813500.0,5872500.0  1813500.0,5873500.0 
20  1813500.0,5873500.0  1813500.0,5874500.0 
21  1813500.0,5874500.0  1812500.0,5874500.0 
22  1812500.0,5874500.0  1812500.0,5874500.0 
23  1819500.0,5816500.0  1818500.0,5816500.0 
24  1818500.0,5816500.0  1818500.0,5815500.0 
25  1818500.0,5815500.0  1817500.0,5815500.0 
26  1817500.0,5815500.0  1817500.0,5816500.0 
27  1817500.0,5816500.0  1816500.0,5816500.0 
28  1816500.0,5816500.0  1816500.0,5817500.0 
29  1816500.0,5817500.0  1816500.0,5818500.0 
30  1816500.0,5818500.0  1816500.0,5819500.0 
31  1816500.0,5819500.0  1815500.0,5819500.0 
32  1815500.0,5819500.0  1816500.0,5819500.0 
33  1816500.0,5819500.0  1816500.0,5820500.0 
34  1816500.0,5820500.0  1815500.0,5820500.0 
35  1815500.0,5820500.0  1816500.0,5820500.0 
36  1816500.0,5820500.0  1816500.0,5821500.0 
37  1816500.0,5821500.0  1815500.0,5821500.0 
38  1815500.0,5821500.0  1815500.0,5822500.0 
39  1815500.0,5822500.0  1815500.0,5822500.0 
40  1818500.0,5868500.0  1818500.0,5869500.0 
41  1818500.0,5869500.0  1818500.0,5870500.0 
42  1818500.0,5870500.0  1817500.0,5870500.0 
43  1817500.0,5870500.0  1817500.0,5871500.0 
44  1817500.0,5871500.0  1817500.0,5872500.0 
45  1817500.0,5872500.0  1816500.0,5872500.0 
46  1816500.0,5872500.0  1816500.0,5873500.0 
47  1816500.0,5873500.0  1816500.0,5874500.0 
48  1816500.0,5874500.0  1816500.0,5875500.0 
49  1816500.0,5875500.0  1815500.0,5875500.0 
50  1815500.0,5875500.0  1814500.0,5875500.0 
51  1814500.0,5875500.0  1813500.0,5875500.0 
52  1813500.0,5875500.0  1812500.0,5875500.0 
53  1812500.0,5875500.0  1812500.0,5874500.0 
54  1812500.0,5874500.0  1812500.0,5874500.0 
55  1815500.0,5822500.0  1816500.0,5822500.0 
56  1816500.0,5822500.0  1816500.0,5823500.0 
57  1816500.0,5823500.0  1816500.0,5822500.0 
58  1816500.0,5822500.0  1816500.0,5823500.0 
59  1816500.0,5823500.0  1817500.0,5823500.0 
60  1817500.0,5823500.0  1817500.0,5824500.0 
61  1817500.0,5824500.0  1817500.0,5825500.0 
62  1817500.0,5825500.0  1818500.0,5825500.0 
63  1818500.0,5825500.0  1818500.0,5826500.0 
64  1818500.0,5826500.0  1818500.0,5827500.0 
65  1818500.0,5827500.0  1819500.0,5827500.0 
66  1819500.0,5827500.0  1820500.0,5827500.0 
67  1820500.0,5827500.0  1820500.0,5828500.0 
68  1820500.0,5828500.0  1821500.0,5828500.0 
69  1821500.0,5828500.0  1822500.0,5828500.0 
70  1822500.0,5828500.0  1823500.0,5828500.0 
71  1823500.0,5828500.0  1823500.0,5828500.0 
72  1816500.0,5860500.0  1817500.0,5860500.0 
73  1817500.0,5860500.0  1818500.0,5860500.0 
74  1818500.0,5860500.0  1818500.0,5861500.0 
75  1818500.0,5861500.0  1819500.0,5861500.0 
76  1819500.0,5861500.0  1820500.0,5861500.0 
77  1820500.0,5861500.0  1820500.0,5862500.0 
78  1820500.0,5862500.0  1821500.0,5862500.0 
79  1821500.0,5862500.0  1821500.0,5862500.0 
80  1819500.0,5853500.0  1820500.0,5853500.0 
81  1820500.0,5853500.0  1821500.0,5853500.0 
82  1821500.0,5853500.0  1821500.0,5854500.0 
83  1821500.0,5854500.0  1821500.0,5854500.0 
84  1816500.0,5862500.0  1816500.0,5863500.0 
85  1816500.0,5863500.0  1817500.0,5863500.0 
86  1817500.0,5863500.0  1818500.0,5863500.0 
87  1818500.0,5863500.0  1818500.0,5864500.0 
88  1818500.0,5864500.0  1819500.0,5864500.0 
89  1819500.0,5864500.0  1820500.0,5864500.0 
90  1820500.0,5864500.0  1821500.0,5864500.0 
91  1821500.0,5864500.0  1821500.0,5865500.0 
92  1821500.0,5865500.0  1822500.0,5865500.0 
93  1822500.0,5865500.0  1822500.0,5866500.0 
94  1822500.0,5866500.0  1822500.0,5866500.0 
95  1819500.0,5853500.0  1820500.0,5853500.0 
96  1820500.0,5853500.0  1820500.0,5854500.0 
97  1820500.0,5854500.0  1821500.0,5854500.0 
98  1821500.0,5854500.0  1821500.0,5854500.0 
99  1820500.0,5847500.0  1821500.0,5847500.0 
100  1821500.0,5847500.0  1821500.0,5847500.0 
101  1820500.0,5839500.0  1821500.0,5839500.0 
102  1821500.0,5839500.0  1821500.0,5840500.0 
103  1821500.0,5840500.0  1822500.0,5840500.0 
104  1822500.0,5840500.0  1822500.0,5840500.0 
105  1821500.0,5852500.0  1821500.0,5853500.0 
106  1821500.0,5853500.0  1822500.0,5853500.0 
107  1822500.0,5853500.0  1822500.0,5854500.0 
108  1822500.0,5854500.0  1822500.0,5854500.0 
109  1819500.0,5856500.0  1819500.0,5857500.0 
110  1819500.0,5857500.0  1820500.0,5857500.0 
111  1820500.0,5857500.0  1821500.0,5857500.0 
112  1821500.0,5857500.0  1821500.0,5858500.0 
113  1821500.0,5858500.0  1822500.0,5858500.0 
114  1822500.0,5858500.0  1822500.0,5859500.0 
115  1822500.0,5859500.0  1823500.0,5859500.0 
116  1823500.0,5859500.0  1823500.0,5859500.0 
117  1821500.0,5854500.0  1822500.0,5854500.0 
118  1822500.0,5854500.0  1822500.0,5854500.0 
119  1819500.0,5833500.0  1820500.0,5833500.0 
120  1820500.0,5833500.0  1820500.0,5834500.0 
121  1820500.0,5834500.0  1820500.0,5833500.0 
122  1820500.0,5833500.0  1821500.0,5833500.0 
123  1821500.0,5833500.0  1821500.0,5834500.0 
124  1821500.0,5834500.0  1821500.0,5833500.0 
125  1821500.0,5833500.0  1821500.0,5834500.0 
126  1821500.0,5834500.0  1822500.0,5834500.0 
127  1822500.0,5834500.0  1823500.0,5834500.0 
128  1823500.0,5834500.0  1823500.0,5835500.0 
129  1823500.0,5835500.0  1823500.0,5836500.0 
130  1823500.0,5836500.0  1823500.0,5836500.0 
131  1829500.0,5830500.0  1828500.0,5830500.0 
132  1828500.0,5830500.0  1828500.0,5831500.0 
133  1828500.0,5831500.0  1827500.0,5831500.0 
134  1827500.0,5831500.0  1827500.0,5832500.0 
135  1827500.0,5832500.0  1827500.0,5831500.0 
136  1827500.0,5831500.0  1827500.0,5832500.0 
137  1827500.0,5832500.0  1826500.0,5832500.0 
138  1826500.0,5832500.0  1825500.0,5832500.0 
139  1825500.0,5832500.0  1825500.0,5833500.0 
140  1825500.0,5833500.0  1825500.0,5834500.0 
141  1825500.0,5834500.0  1825500.0,5835500.0 
142  1825500.0,5835500.0  1825500.0,5836500.0 
143  1825500.0,5836500.0  1824500.0,5836500.0 
144  1824500.0,5836500.0  1824500.0,5837500.0 
145  1824500.0,5837500.0  1823500.0,5837500.0 
146  1823500.0,5837500.0  1822500.0,5837500.0 
147  1822500.0,5837500.0  1822500.0,5837500.0 
148  1828500.0,5881500.0  1828500.0,5880500.0 
149  1828500.0,5880500.0  1828500.0,5879500.0 
150  1828500.0,5879500.0  1827500.0,5879500.0 
151  1827500.0,5879500.0  1827500.0,5880500.0 
152  1827500.0,5880500.0  1827500.0,5881500.0 
153  1827500.0,5881500.0  1827500.0,5881500.0 
154  1832500.0,5850500.0  1832500.0,5851500.0 
155  1832500.0,5851500.0  1831500.0,5851500.0 
156  1831500.0,5851500.0  1830500.0,5851500.0 
157  1830500.0,5851500.0  1830500.0,5852500.0 
158  1830500.0,5852500.0  1830500.0,5853500.0 
159  1830500.0,5853500.0  1829500.0,5853500.0 
160  1829500.0,5853500.0  1829500.0,5854500.0 
161  1829500.0,5854500.0  1829500.0,5855500.0 
162  1829500.0,5855500.0  1828500.0,5855500.0 
163  1828500.0,5855500.0  1828500.0,5856500.0 
164  1828500.0,5856500.0  1828500.0,5857500.0 
165  1828500.0,5857500.0  1829500.0,5857500.0 
166  1829500.0,5857500.0  1829500.0,5858500.0 
167  1829500.0,5858500.0  1829500.0,5859500.0 
168  1829500.0,5859500.0  1829500.0,5860500.0 
169  1829500.0,5860500.0  1829500.0,5861500.0 
170  1829500.0,5861500.0  1828500.0,5861500.0 
171  1828500.0,5861500.0  1828500.0,5862500.0 
172  1828500.0,5862500.0  1827500.0,5862500.0 
173  1827500.0,5862500.0  1827500.0,5863500.0 
174  1827500.0,5863500.0  1827500.0,5864500.0 
175  1827500.0,5864500.0  1826500.0,5864500.0 
176  1826500.0,5864500.0  1826500.0,5865500.0 
177  1826500.0,5865500.0  1826500.0,5866500.0 
178  1826500.0,5866500.0  1826500.0,5867500.0 
179  1826500.0,5867500.0  1825500.0,5867500.0 
180  1825500.0,5867500.0  1825500.0,5868500.0 
181  1825500.0,5868500.0  1824500.0,5868500.0 
182  1824500.0,5868500.0  1824500.0,5869500.0 
183  1824500.0,5869500.0  1823500.0,5869500.0 
184  1823500.0,5869500.0  1823500.0,5870500.0 
185  1823500.0,5870500.0  1822500.0,5870500.0 
186  1822500.0,5870500.0  1821500.0,5870500.0 
187  1821500.0,5870500.0  1821500.0,5870500.0 
188  1826500.0,5812500.0  1826500.0,5813500.0 
189  1826500.0,5813500.0  1827500.0,5813500.0 
190  1827500.0,5813500.0  1827500.0,5814500.0 
191  1827500.0,5814500.0  1828500.0,5814500.0 
192  1828500.0,5814500.0  1828500.0,5815500.0 
193  1828500.0,5815500.0  1828500.0,5816500.0 
194  1828500.0,5816500.0  1828500.0,5817500.0 
195  1828500.0,5817500.0  1827500.0,5817500.0 
196  1827500.0,5817500.0  1827500.0,5816500.0 
197  1827500.0,5816500.0  1827500.0,5816500.0 
198  1833500.0,5876500.0  1832500.0,5876500.0 
199  1832500.0,5876500.0  1831500.0,5876500.0 
200  1831500.0,5876500.0  1831500.0,5875500.0 
201  1831500.0,5875500.0  1830500.0,5875500.0 
202  1830500.0,5875500.0  1829500.0,5875500.0 
203  1829500.0,5875500.0  1828500.0,5875500.0 
204  1828500.0,5875500.0  1828500.0,5875500.0 
205  1831500.0,5879500.0  1831500.0,5878500.0 
206  1831500.0,5878500.0  1830500.0,5878500.0 
207  1830500.0,5878500.0  1829500.0,5878500.0 
208  1829500.0,5878500.0  1829500.0,5877500.0 
209  1829500.0,5877500.0  1828500.0,5877500.0 
210  1828500.0,5877500.0  1828500.0,5877500.0 
211  1834500.0,5872500.0  1834500.0,5873500.0 
212  1834500.0,5873500.0  1833500.0,5873500.0 
213  1833500.0,5873500.0  1832500.0,5873500.0 
214  1832500.0,5873500.0  1831500.0,5873500.0 
215  1831500.0,5873500.0  1831500.0,5874500.0 
216  1831500.0,5874500.0  1831500.0,5874500.0 
217  1831500.0,5808500.0  1831500.0,5809500.0 
218  1831500.0,5809500.0  1831500.0,5810500.0 
219  1831500.0,5810500.0  1831500.0,5811500.0 
220  1831500.0,5811500.0  1832500.0,5811500.0 
221  1832500.0,5811500.0  1832500.0,5812500.0 
222  1832500.0,5812500.0  1832500.0,5813500.0 
223  1832500.0,5813500.0  1832500.0,5814500.0 
224  1832500.0,5814500.0  1832500.0,5814500.0 
225  1835500.0,5873500.0  1834500.0,5873500.0 
226  1834500.0,5873500.0  1833500.0,5873500.0 
227  1833500.0,5873500.0  1832500.0,5873500.0 
228  1832500.0,5873500.0  1832500.0,5874500.0 
229  1832500.0,5874500.0  1832500.0,5874500.0 
230  1835500.0,5857500.0  1834500.0,5857500.0 
231  1834500.0,5857500.0  1834500.0,5858500.0 
232  1834500.0,5858500.0  1833500.0,5858500.0 
233  1833500.0,5858500.0  1833500.0,5859500.0 
234  1833500.0,5859500.0  1834500.0,5859500.0 
235  1834500.0,5859500.0  1834500.0,5860500.0 
236  1834500.0,5860500.0  1834500.0,5861500.0 
237  1834500.0,5861500.0  1834500.0,5861500.0 
238  1836500.0,5850500.0  1835500.0,5850500.0 
239  1835500.0,5850500.0  1835500.0,5849500.0 
240  1835500.0,5849500.0  1834500.0,5849500.0 
241  1834500.0,5849500.0  1834500.0,5849500.0 
242  1836500.0,5866500.0  1835500.0,5866500.0 
243  1835500.0,5866500.0  1834500.0,5866500.0 
244  1834500.0,5866500.0  1834500.0,5866500.0 
245  1836500.0,5869500.0  1835500.0,5869500.0 
246  1835500.0,5869500.0  1835500.0,5868500.0 
247  1835500.0,5868500.0  1834500.0,5868500.0 
248  1834500.0,5868500.0  1834500.0,5869500.0 
249  1834500.0,5869500.0  1833500.0,5869500.0 
250  1833500.0,5869500.0  1833500.0,5869500.0 
251  1834500.0,5812500.0  1834500.0,5813500.0 
252  1834500.0,5813500.0  1835500.0,5813500.0 
253  1835500.0,5813500.0  1834500.0,5813500.0 
254  1834500.0,5813500.0  1834500.0,5814500.0 
255  1834500.0,5814500.0  1835500.0,5814500.0 
256  1835500.0,5814500.0  1835500.0,5815500.0 
257  1835500.0,5815500.0  1835500.0,5816500.0 
258  1835500.0,5816500.0  1835500.0,5817500.0 
259  1835500.0,5817500.0  1835500.0,5818500.0 
260  1835500.0,5818500.0  1836500.0,5818500.0 
261  1836500.0,5818500.0  1835500.0,5818500.0 
262  1835500.0,5818500.0  1835500.0,5819500.0 
263  1835500.0,5819500.0  1834500.0,5819500.0 
264  1834500.0,5819500.0  1834500.0,5820500.0 
265  1834500.0,5820500.0  1833500.0,5820500.0 
266  1833500.0,5820500.0  1833500.0,5821500.0 
267  1833500.0,5821500.0  1832500.0,5821500.0 
268  1832500.0,5821500.0  1832500.0,5820500.0 
269  1832500.0,5820500.0  1832500.0,5821500.0 
270  1832500.0,5821500.0  1831500.0,5821500.0 
271  1831500.0,5821500.0  1831500.0,5822500.0 
272  1831500.0,5822500.0  1831500.0,5822500.0 
273  1837500.0,5863500.0  1836500.0,5863500.0 
274  1836500.0,5863500.0  1836500.0,5862500.0 
275  1836500.0,5862500.0  1836500.0,5863500.0 
276  1836500.0,5863500.0  1835500.0,5863500.0 
277  1835500.0,5863500.0  1834500.0,5863500.0 
278  1834500.0,5863500.0  1834500.0,5863500.0 
279  1834500.0,5800500.0  1834500.0,5801500.0 
280  1834500.0,5801500.0  1835500.0,5801500.0 
281  1835500.0,5801500.0  1835500.0,5802500.0 
282  1835500.0,5802500.0  1836500.0,5802500.0 
283  1836500.0,5802500.0  1836500.0,5803500.0 
284  1836500.0,5803500.0  1837500.0,5803500.0 
285  1837500.0,5803500.0  1837500.0,5802500.0 
286  1837500.0,5802500.0  1838500.0,5802500.0 
287  1838500.0,5802500.0  1838500.0,5803500.0 
288  1838500.0,5803500.0  1838500.0,5803500.0 
289  1833500.0,5806500.0  1834500.0,5806500.0 
290  1834500.0,5806500.0  1834500.0,5807500.0 
291  1834500.0,5807500.0  1835500.0,5807500.0 
292  1835500.0,5807500.0  1835500.0,5808500.0 
293  1835500.0,5808500.0  1836500.0,5808500.0 
294  1836500.0,5808500.0  1836500.0,5809500.0 
295  1836500.0,5809500.0  1836500.0,5810500.0 
296  1836500.0,5810500.0  1836500.0,5811500.0 
297  1836500.0,5811500.0  1836500.0,5811500.0 
298  1837500.0,5856500.0  1836500.0,5856500.0 
299  1836500.0,5856500.0  1836500.0,5857500.0 
300  1836500.0,5857500.0  1835500.0,5857500.0 
301  1835500.0,5857500.0  1835500.0,5858500.0 
302  1835500.0,5858500.0  1835500.0,5858500.0 
303  1836500.0,5811500.0  1836500.0,5812500.0 
304  1836500.0,5812500.0  1836500.0,5813500.0 
305  1836500.0,5813500.0  1835500.0,5813500.0 
306  1835500.0,5813500.0  1835500.0,5814500.0 
307  1835500.0,5814500.0  1836500.0,5814500.0 
308  1836500.0,5814500.0  1836500.0,5815500.0 
309  1836500.0,5815500.0  1836500.0,5814500.0 
310  1836500.0,5814500.0  1836500.0,5815500.0 
311  1836500.0,5815500.0  1837500.0,5815500.0 
312  1837500.0,5815500.0  1837500.0,5816500.0 
313  1837500.0,5816500.0  1838500.0,5816500.0 
314  1838500.0,5816500.0  1838500.0,5817500.0 
315  1838500.0,5817500.0  1839500.0,5817500.0 
316  1839500.0,5817500.0  1839500.0,5818500.0 
317  1839500.0,5818500.0  1839500.0,5819500.0 
318  1839500.0,5819500.0  1839500.0,5819500.0 
319  1838500.0,5847500.0  1837500.0,5847500.0 
320  1837500.0,5847500.0  1837500.0,5846500.0 
321  1837500.0,5846500.0  1837500.0,5847500.0 
322  1837500.0,5847500.0  1836500.0,5847500.0 
323  1836500.0,5847500.0  1836500.0,5846500.0 
324  1836500.0,5846500.0  1836500.0,5846500.0 
325  1836500.0,5799500.0  1836500.0,5800500.0 
326  1836500.0,5800500.0  1837500.0,5800500.0 
327  1837500.0,5800500.0  1837500.0,5801500.0 
328  1837500.0,5801500.0  1838500.0,5801500.0 
329  1838500.0,5801500.0  1838500.0,5801500.0 
330  1839500.0,5829500.0  1839500.0,5830500.0 
331  1839500.0,5830500.0  1838500.0,5830500.0 
332  1838500.0,5830500.0  1838500.0,5831500.0 
333  1838500.0,5831500.0  1838500.0,5832500.0 
334  1838500.0,5832500.0  1837500.0,5832500.0 
335  1837500.0,5832500.0  1837500.0,5833500.0 
336  1837500.0,5833500.0  1837500.0,5834500.0 
337  1837500.0,5834500.0  1836500.0,5834500.0 
338  1836500.0,5834500.0  1836500.0,5835500.0 
339  1836500.0,5835500.0  1835500.0,5835500.0 
340  1835500.0,5835500.0  1835500.0,5836500.0 
341  1835500.0,5836500.0  1835500.0,5837500.0 
342  1835500.0,5837500.0  1835500.0,5837500.0 
343  1838500.0,5846500.0  1837500.0,5846500.0 
344  1837500.0,5846500.0  1836500.0,5846500.0 
345  1836500.0,5846500.0  1836500.0,5846500.0 
346  1839500.0,5799500.0  1838500.0,5799500.0 
347  1838500.0,5799500.0  1838500.0,5800500.0 
348  1838500.0,5800500.0  1838500.0,5801500.0 
349  1838500.0,5801500.0  1838500.0,5801500.0 
350  1839500.0,5843500.0  1838500.0,5843500.0 
351  1838500.0,5843500.0  1837500.0,5843500.0 
352  1837500.0,5843500.0  1837500.0,5843500.0 
353  1839500.0,5845500.0  1838500.0,5845500.0 
354  1838500.0,5845500.0  1838500.0,5844500.0 
355  1838500.0,5844500.0  1838500.0,5844500.0 
356  1838500.0,5801500.0  1838500.0,5802500.0 
357  1838500.0,5802500.0  1839500.0,5802500.0 
358  1839500.0,5802500.0  1838500.0,5802500.0 
359  1838500.0,5802500.0  1838500.0,5803500.0 
360  1838500.0,5803500.0  1838500.0,5803500.0 
361  1839500.0,5833500.0  1839500.0,5834500.0 
362  1839500.0,5834500.0  1839500.0,5835500.0 
363  1839500.0,5835500.0  1838500.0,5835500.0 
364  1838500.0,5835500.0  1837500.0,5835500.0 
365  1837500.0,5835500.0  1837500.0,5836500.0 
366  1837500.0,5836500.0  1837500.0,5835500.0 
367  1837500.0,5835500.0  1837500.0,5836500.0 
368  1837500.0,5836500.0  1836500.0,5836500.0 
369  1836500.0,5836500.0  1836500.0,5837500.0 
370  1836500.0,5837500.0  1835500.0,5837500.0 
371  1835500.0,5837500.0  1835500.0,5837500.0 
372  1839500.0,5843500.0  1839500.0,5842500.0 
373  1839500.0,5842500.0  1839500.0,5841500.0 
374  1839500.0,5841500.0  1838500.0,5841500.0 
375  1838500.0,5841500.0  1838500.0,5841500.0 
376  1839500.0,5841500.0  1839500.0,5840500.0 
377  1839500.0,5840500.0  1839500.0,5841500.0 
378  1839500.0,5841500.0  1839500.0,5841500.0 
379  1838500.0,5803500.0  1839500.0,5803500.0 
380  1839500.0,5803500.0  1839500.0,5804500.0 
381  1839500.0,5804500.0  1840500.0,5804500.0 
382  1840500.0,5804500.0  1840500.0,5805500.0 
383  1840500.0,5805500.0  1841500.0,5805500.0 
384  1841500.0,5805500.0  1841500.0,5806500.0 
385  1841500.0,5806500.0  1841500.0,5805500.0 
386  1841500.0,5805500.0  1841500.0,5806500.0 
387  1841500.0,5806500.0  1841500.0,5807500.0 
388  1841500.0,5807500.0  1842500.0,5807500.0 
389  1842500.0,5807500.0  1841500.0,5807500.0 
390  1841500.0,5807500.0  1841500.0,5808500.0 
391  1841500.0,5808500.0  1841500.0,5809500.0 
392  1841500.0,5809500.0  1841500.0,5810500.0 
393  1841500.0,5810500.0  1841500.0,5811500.0 
394  1841500.0,5811500.0  1841500.0,5812500.0 
395  1841500.0,5812500.0  1841500.0,5813500.0 
396  1841500.0,5813500.0  1841500.0,5814500.0 
397  1841500.0,5814500.0  1841500.0,5815500.0 
398  1841500.0,5815500.0  1841500.0,5816500.0 
399  1841500.0,5816500.0  1841500.0,5817500.0 
400  1841500.0,5817500.0  1841500.0,5818500.0 
401  1841500.0,5818500.0  1840500.0,5818500.0 
402  1840500.0,5818500.0  1840500.0,5819500.0 
403  1840500.0,5819500.0  1839500.0,5819500.0 
404  1839500.0,5819500.0  1839500.0,5819500.0 
405  1840500.0,5797500.0  1840500.0,5798500.0 
406  1840500.0,5798500.0  1841500.0,5798500.0 
407  1841500.0,5798500.0  1841500.0,5799500.0 
408  1841500.0,5799500.0  1841500.0,5800500.0 
409  1841500.0,5800500.0  1841500.0,5801500.0 
410  1841500.0,5801500.0  1841500.0,5802500.0 
411  1841500.0,5802500.0  1842500.0,5802500.0 
412  1842500.0,5802500.0  1842500.0,5801500.0 
413  1842500.0,5801500.0  1842500.0,5802500.0 
414  1842500.0,5802500.0  1842500.0,5803500.0 
415  1842500.0,5803500.0  1843500.0,5803500.0 
416  1843500.0,5803500.0  1843500.0,5804500.0 
417  1843500.0,5804500.0  1843500.0,5805500.0 
418  1843500.0,5805500.0  1843500.0,5804500.0 
419  1843500.0,5804500.0  1843500.0,5805500.0 
420  1843500.0,5805500.0  1844500.0,5805500.0 
421  1844500.0,5805500.0  1844500.0,5805500.0 
422  1841500.0,5803500.0  1841500.0,5804500.0 
423  1841500.0,5804500.0  1842500.0,5804500.0 
424  1842500.0,5804500.0  1842500.0,5805500.0 
425  1842500.0,5805500.0  1843500.0,5805500.0 
426  1843500.0,5805500.0  1843500.0,5806500.0 
427  1843500.0,5806500.0  1844500.0,5806500.0 
428  1844500.0,5806500.0  1844500.0,5805500.0 
429  1844500.0,5805500.0  1844500.0,5805500.0 
430  1844500.0,5812500.0  1844500.0,5813500.0 
431  1844500.0,5813500.0  1845500.0,5813500.0 
432  1845500.0,5813500.0  1845500.0,5814500.0 
433  1845500.0,5814500.0  1845500.0,5815500.0 
434  1845500.0,5815500.0  1844500.0,5815500.0 
435  1844500.0,5815500.0  1844500.0,5816500.0 
436  1844500.0,5816500.0  1844500.0,5817500.0 
437  1844500.0,5817500.0  1844500.0,5818500.0 
438  1844500.0,5818500.0  1843500.0,5818500.0 
439  1843500.0,5818500.0  1843500.0,5819500.0 
440  1843500.0,5819500.0  1843500.0,5820500.0 
441  1843500.0,5820500.0  1843500.0,5821500.0 
442  1843500.0,5821500.0  1842500.0,5821500.0 
443  1842500.0,5821500.0  1842500.0,5822500.0 
444  1842500.0,5822500.0  1841500.0,5822500.0 
445  1841500.0,5822500.0  1841500.0,5823500.0 
446  1841500.0,5823500.0  1840500.0,5823500.0 
447  1840500.0,5823500.0  1840500.0,5824500.0 
448  1840500.0,5824500.0  1839500.0,5824500.0 
449  1839500.0,5824500.0  1839500.0,5825500.0 
450  1839500.0,5825500.0  1839500.0,5826500.0 
451  1839500.0,5826500.0  1838500.0,5826500.0 
452  1838500.0,5826500.0  1838500.0,5827500.0 
453  1838500.0,5827500.0  1838500.0,5828500.0 
454  1838500.0,5828500.0  1837500.0,5828500.0 
455  1837500.0,5828500.0  1837500.0,5829500.0 
456  1837500.0,5829500.0  1837500.0,5830500.0 
457  1837500.0,5830500.0  1836500.0,5830500.0 
458  1836500.0,5830500.0  1836500.0,5831500.0 
459  1836500.0,5831500.0  1835500.0,5831500.0 
460  1835500.0,5831500.0  1835500.0,5832500.0 
461  1835500.0,5832500.0  1834500.0,5832500.0 
462  1834500.0,5832500.0  1834500.0,5833500.0 
463  1834500.0,5833500.0  1833500.0,5833500.0 
464  1833500.0,5833500.0  1833500.0,5834500.0 
465  1833500.0,5834500.0  1833500.0,5835500.0 
466  1833500.0,5835500.0  1833500.0,5836500.0 
467  1833500.0,5836500.0  1832500.0,5836500.0 
468  1832500.0,5836500.0  1832500.0,5836500.0 
469  1843500.0,5839500.0  1843500.0,5838500.0 
470  1843500.0,5838500.0  1843500.0,5838500.0 
471  1843500.0,5838500.0  1843500.0,5838500.0 
472  1846500.0,5832500.0  1845500.0,5832500.0 
473  1845500.0,5832500.0  1845500.0,5833500.0 
474  1845500.0,5833500.0  1844500.0,5833500.0 
475  1844500.0,5833500.0  1844500.0,5834500.0 
476  1844500.0,5834500.0  1844500.0,5835500.0 
477  1844500.0,5835500.0  1844500.0,5835500.0 
478  1844500.0,5820500.0  1844500.0,5821500.0 
479  1844500.0,5821500.0  1844500.0,5822500.0 
480  1844500.0,5822500.0  1845500.0,5822500.0 
481  1845500.0,5822500.0  1845500.0,5823500.0 
482  1845500.0,5823500.0  1844500.0,5823500.0 
483  1844500.0,5823500.0  1844500.0,5824500.0 
484  1844500.0,5824500.0  1845500.0,5824500.0 
485  1845500.0,5824500.0  1844500.0,5824500.0 
486  1844500.0,5824500.0  1844500.0,5825500.0 
487  1844500.0,5825500.0  1844500.0,5826500.0 
488  1844500.0,5826500.0  1843500.0,5826500.0 
489  1843500.0,5826500.0  1843500.0,5827500.0 
490  1843500.0,5827500.0  1842500.0,5827500.0 
491  1842500.0,5827500.0  1842500.0,5828500.0 
492  1842500.0,5828500.0  1842500.0,5829500.0 
493  1842500.0,5829500.0  1842500.0,5830500.0 
494  1842500.0,5830500.0  1843500.0,5830500.0 
495  1843500.0,5830500.0  1843500.0,5831500.0 
496  1843500.0,5831500.0  1843500.0,5832500.0 
497  1843500.0,5832500.0  1844500.0,5832500.0 
498  1844500.0,5832500.0  1844500.0,5832500.0 
499  1847500.0,5834500.0  1846500.0,5834500.0 
500  1846500.0,5834500.0  1846500.0,5835500.0 
501  1846500.0,5835500.0  1845500.0,5835500.0 
502  1845500.0,5835500.0  1844500.0,5835500.0 
503  1844500.0,5835500.0  1844500.0,5835500.0 
504  1847500.0,5852500.0  1847500.0,5853500.0 
505  1847500.0,5853500.0  1847500.0,5852500.0 
506  1847500.0,5852500.0  1847500.0,5853500.0 
507  1847500.0,5853500.0  1846500.0,5853500.0 
508  1846500.0,5853500.0  1845500.0,5853500.0 
509  1845500.0,5853500.0  1844500.0,5853500.0 
510  1844500.0,5853500.0  1844500.0,5854500.0 
511  1844500.0,5854500.0  1844500.0,5855500.0 
512  1844500.0,5855500.0  1844500.0,5855500.0 
513  1845500.0,5848500.0  1845500.0,5849500.0 
514  1845500.0,5849500.0  1845500.0,5850500.0 
515  1845500.0,5850500.0  1846500.0,5850500.0 
516  1846500.0,5850500.0  1845500.0,5850500.0 
517  1845500.0,5850500.0  1845500.0,5851500.0 
518  1845500.0,5851500.0  1846500.0,5851500.0 
519  1846500.0,5851500.0  1846500.0,5852500.0 
520  1846500.0,5852500.0  1845500.0,5852500.0 
521  1845500.0,5852500.0  1845500.0,5851500.0 
522  1845500.0,5851500.0  1844500.0,5851500.0 
523  1844500.0,5851500.0  1844500.0,5851500.0 
524  1844500.0,5805500.0  1844500.0,5806500.0 
525  1844500.0,5806500.0  1845500.0,5806500.0 
526  1845500.0,5806500.0  1844500.0,5806500.0 
527  1844500.0,5806500.0  1845500.0,5806500.0 
528  1845500.0,5806500.0  1845500.0,5807500.0 
529  1845500.0,5807500.0  1845500.0,5806500.0 
530  1845500.0,5806500.0  1844500.0,5806500.0 
531  1844500.0,5806500.0  1844500.0,5807500.0 
532  1844500.0,5807500.0  1845500.0,5807500.0 
533  1845500.0,5807500.0  1845500.0,5808500.0 
534  1845500.0,5808500.0  1846500.0,5808500.0 
535  1846500.0,5808500.0  1846500.0,5809500.0 
536  1846500.0,5809500.0  1847500.0,5809500.0 
537  1847500.0,5809500.0  1847500.0,5810500.0 
538  1847500.0,5810500.0  1847500.0,5811500.0 
539  1847500.0,5811500.0  1848500.0,5811500.0 
540  1848500.0,5811500.0  1848500.0,5812500.0 
541  1848500.0,5812500.0  1848500.0,5811500.0 
542  1848500.0,5811500.0  1848500.0,5812500.0 
543  1848500.0,5812500.0  1849500.0,5812500.0 
544  1849500.0,5812500.0  1849500.0,5813500.0 
545  1849500.0,5813500.0  1849500.0,5812500.0 
546  1849500.0,5812500.0  1849500.0,5812500.0 
547  1847500.0,5814500.0  1847500.0,5815500.0 
548  1847500.0,5815500.0  1847500.0,5816500.0 
549  1847500.0,5816500.0  1846500.0,5816500.0 
550  1846500.0,5816500.0  1846500.0,5817500.0 
551  1846500.0,5817500.0  1846500.0,5818500.0 
552  1846500.0,5818500.0  1846500.0,5819500.0 
553  1846500.0,5819500.0  1847500.0,5819500.0 
554  1847500.0,5819500.0  1847500.0,5820500.0 
555  1847500.0,5820500.0  1847500.0,5821500.0 
556  1847500.0,5821500.0  1848500.0,5821500.0 
557  1848500.0,5821500.0  1848500.0,5822500.0 
558  1848500.0,5822500.0  1848500.0,5823500.0 
559  1848500.0,5823500.0  1848500.0,5823500.0 
560  1847500.0,5857500.0  1847500.0,5856500.0 
561  1847500.0,5856500.0  1847500.0,5857500.0 
562  1847500.0,5857500.0  1846500.0,5857500.0 
563  1846500.0,5857500.0  1847500.0,5857500.0 
564  1847500.0,5857500.0  1847500.0,5856500.0 
565  1847500.0,5856500.0  1846500.0,5856500.0 
566  1846500.0,5856500.0  1846500.0,5855500.0 
567  1846500.0,5855500.0  1846500.0,5855500.0 
568  1848500.0,5778500.0  1847500.0,5778500.0 
569  1847500.0,5778500.0  1847500.0,5779500.0 
570  1847500.0,5779500.0  1847500.0,5780500.0 
571  1847500.0,5780500.0  1847500.0,5781500.0 
572  1847500.0,5781500.0  1846500.0,5781500.0 
573  1846500.0,5781500.0  1846500.0,5781500.0 
574  1848500.0,5828500.0  1848500.0,5827500.0 
575  1848500.0,5827500.0  1847500.0,5827500.0 
576  1847500.0,5827500.0  1847500.0,5826500.0 
577  1847500.0,5826500.0  1846500.0,5826500.0 
578  1846500.0,5826500.0  1846500.0,5827500.0 
579  1846500.0,5827500.0  1846500.0,5827500.0 
580  1849500.0,5824500.0  1848500.0,5824500.0 
581  1848500.0,5824500.0  1847500.0,5824500.0 
582  1847500.0,5824500.0  1847500.0,5824500.0 
583  1850500.0,5857500.0  1849500.0,5857500.0 
584  1849500.0,5857500.0  1849500.0,5856500.0 
585  1849500.0,5856500.0  1849500.0,5856500.0 
586  1850500.0,5853500.0  1850500.0,5854500.0 
587  1850500.0,5854500.0  1850500.0,5855500.0 
588  1850500.0,5855500.0  1851500.0,5855500.0 
589  1851500.0,5855500.0  1851500.0,5856500.0 
590  1851500.0,5856500.0  1851500.0,5856500.0 
591  1852500.0,5813500.0  1852500.0,5814500.0 
592  1852500.0,5814500.0  1851500.0,5814500.0 
593  1851500.0,5814500.0  1850500.0,5814500.0 
594  1850500.0,5814500.0  1850500.0,5815500.0 
595  1850500.0,5815500.0  1851500.0,5815500.0 
596  1851500.0,5815500.0  1851500.0,5816500.0 
597  1851500.0,5816500.0  1851500.0,5817500.0 
598  1851500.0,5817500.0  1851500.0,5817500.0 
599  1851500.0,5857500.0  1851500.0,5856500.0 
600  1851500.0,5856500.0  1851500.0,5856500.0 
601  1852500.0,5813500.0  1851500.0,5813500.0 
602  1851500.0,5813500.0  1850500.0,5813500.0 
603  1850500.0,5813500.0  1850500.0,5814500.0 
604  1850500.0,5814500.0  1850500.0,5813500.0 
605  1850500.0,5813500.0  1850500.0,5814500.0 
606  1850500.0,5814500.0  1850500.0,5813500.0 
607  1850500.0,5813500.0  1850500.0,5813500.0 
608  1852500.0,5818500.0  1851500.0,5818500.0 
609  1851500.0,5818500.0  1851500.0,5819500.0 
610  1851500.0,5819500.0  1851500.0,5820500.0 
611  1851500.0,5820500.0  1851500.0,5820500.0 
612  1852500.0,5818500.0  1852500.0,5817500.0 
613  1852500.0,5817500.0  1851500.0,5817500.0 
614  1851500.0,5817500.0  1851500.0,5818500.0 
615  1851500.0,5818500.0  1850500.0,5818500.0 
616  1850500.0,5818500.0  1850500.0,5818500.0 
617  1852500.0,5792500.0  1852500.0,5793500.0 
618  1852500.0,5793500.0  1851500.0,5793500.0 
619  1851500.0,5793500.0  1851500.0,5794500.0 
620  1851500.0,5794500.0  1851500.0,5794500.0 
621  1852500.0,5800500.0  1851500.0,5800500.0 
622  1851500.0,5800500.0  1850500.0,5800500.0 
623  1850500.0,5800500.0  1850500.0,5800500.0 
624  1853500.0,5808500.0  1852500.0,5808500.0 
625  1852500.0,5808500.0  1851500.0,5808500.0 
626  1851500.0,5808500.0  1851500.0,5808500.0 
627  1852500.0,5852500.0  1853500.0,5852500.0 
628  1853500.0,5852500.0  1853500.0,5853500.0 
629  1853500.0,5853500.0  1852500.0,5853500.0 
630  1852500.0,5853500.0  1852500.0,5854500.0 
631  1852500.0,5854500.0  1853500.0,5854500.0 
632  1853500.0,5854500.0  1852500.0,5854500.0 
633  1852500.0,5854500.0  1852500.0,5855500.0 
634  1852500.0,5855500.0  1852500.0,5856500.0 
635  1852500.0,5856500.0  1851500.0,5856500.0 
636  1851500.0,5856500.0  1851500.0,5856500.0 
637  1855500.0,5854500.0  1854500.0,5854500.0 
638  1854500.0,5854500.0  1855500.0,5854500.0 
639  1855500.0,5854500.0  1854500.0,5854500.0 
640  1854500.0,5854500.0  1854500.0,5855500.0 
641  1854500.0,5855500.0  1853500.0,5856500.0 
642  1853500.0,5856500.0  1852500.0,5857500.0 
643  1852500.0,5857500.0  1852500.0,5856500.0 
644  1852500.0,5856500.0  1851500.0,5856500.0 
645  1851500.0,5856500.0  1851500.0,5856500.0 
646  1853500.0,5796500.0  1853500.0,5797500.0 
647  1853500.0,5797500.0  1853500.0,5797500.0 
648  1854500.0,5794500.0  1854500.0,5795500.0 
649  1854500.0,5795500.0  1853500.0,5795500.0 
650  1853500.0,5795500.0  1853500.0,5796500.0 
651  1853500.0,5796500.0  1853500.0,5797500.0 
652  1853500.0,5797500.0  1852500.0,5797500.0 
653  1852500.0,5797500.0  1853500.0,5797500.0 
654  1853500.0,5797500.0  1853500.0,5797500.0 
655  1854500.0,5800500.0  1854500.0,5801500.0 
656  1854500.0,5801500.0  1853500.0,5801500.0 
657  1853500.0,5801500.0  1853500.0,5802500.0 
658  1853500.0,5802500.0  1854500.0,5802500.0 
659  1854500.0,5802500.0  1853500.0,5802500.0 
660  1853500.0,5802500.0  1853500.0,5803500.0 
661  1853500.0,5803500.0  1852500.0,5803500.0 
662  1852500.0,5803500.0  1853500.0,5803500.0 
663  1853500.0,5803500.0  1853500.0,5804500.0 
664  1853500.0,5804500.0  1852500.0,5804500.0 
665  1852500.0,5804500.0  1852500.0,5803500.0 
666  1852500.0,5803500.0  1852500.0,5804500.0 
667  1852500.0,5804500.0  1852500.0,5804500.0 
668  1855500.0,5804500.0  1855500.0,5805500.0 
669  1855500.0,5805500.0  1855500.0,5804500.0 
670  1855500.0,5804500.0  1855500.0,5805500.0 
671  1855500.0,5805500.0  1854500.0,5805500.0 
672  1854500.0,5805500.0  1854500.0,5804500.0 
673  1854500.0,5804500.0  1854500.0,5805500.0 
674  1854500.0,5805500.0  1853500.0,5805500.0 
675  1853500.0,5805500.0  1853500.0,5806500.0 
676  1853500.0,5806500.0  1852500.0,5806500.0 
677  1852500.0,5806500.0  1851500.0,5806500.0 
678  1851500.0,5806500.0  1851500.0,5806500.0 
679  1858500.0,5782500.0  1857500.0,5782500.0 
680  1857500.0,5782500.0  1856500.0,5782500.0 
681  1856500.0,5782500.0  1855500.0,5782500.0 
682  1855500.0,5782500.0  1854500.0,5782500.0 
683  1854500.0,5782500.0  1853500.0,5782500.0 
684  1853500.0,5782500.0  1853500.0,5783500.0 
685  1853500.0,5783500.0  1853500.0,5782500.0 
686  1853500.0,5782500.0  1853500.0,5783500.0 
687  1853500.0,5783500.0  1853500.0,5782500.0 
688  1853500.0,5782500.0  1852500.0,5782500.0 
689  1852500.0,5782500.0  1852500.0,5783500.0 
690  1852500.0,5783500.0  1851500.0,5783500.0 
691  1851500.0,5783500.0  1851500.0,5784500.0 
692  1851500.0,5784500.0  1850500.0,5784500.0 
693  1850500.0,5784500.0  1849500.0,5784500.0 
694  1849500.0,5784500.0  1849500.0,5785500.0 
695  1849500.0,5785500.0  1849500.0,5786500.0 
696  1849500.0,5786500.0  1848500.0,5786500.0 
697  1848500.0,5786500.0  1848500.0,5786500.0 
698  1859500.0,5781500.0  1858500.0,5781500.0 
699  1858500.0,5781500.0  1857500.0,5781500.0 
700  1857500.0,5781500.0  1856500.0,5781500.0 
701  1856500.0,5781500.0  1855500.0,5781500.0 
702  1855500.0,5781500.0  1855500.0,5782500.0 
703  1855500.0,5782500.0  1854500.0,5782500.0 
704  1854500.0,5782500.0  1853500.0,5782500.0 
705  1853500.0,5782500.0  1852500.0,5782500.0 
706  1852500.0,5782500.0  1851500.0,5782500.0 
707  1851500.0,5782500.0  1851500.0,5782500.0 
708  1861500.0,5783500.0  1861500.0,5784500.0 
709  1861500.0,5784500.0  1860500.0,5784500.0 
710  1860500.0,5784500.0  1859500.0,5784500.0 
711  1859500.0,5784500.0  1859500.0,5785500.0 
712  1859500.0,5785500.0  1858500.0,5785500.0 
713  1858500.0,5785500.0  1857500.0,5785500.0 
714  1857500.0,5785500.0  1857500.0,5786500.0 
715  1857500.0,5786500.0  1857500.0,5786500.0 
716  1861500.0,5787500.0  1860500.0,5787500.0 
717  1860500.0,5787500.0  1859500.0,5787500.0 
718  1859500.0,5787500.0  1859500.0,5788500.0 
719  1859500.0,5788500.0  1858500.0,5788500.0 
720  1858500.0,5788500.0  1857500.0,5788500.0 
721  1857500.0,5788500.0  1857500.0,5789500.0 
722  1857500.0,5789500.0  1856500.0,5789500.0 
723  1856500.0,5789500.0  1856500.0,5790500.0 
724  1856500.0,5790500.0  1855500.0,5790500.0 
725  1855500.0,5790500.0  1854500.0,5790500.0 
726  1854500.0,5790500.0  1854500.0,5790500.0 
727  1862500.0,5776500.0  1861500.0,5776500.0 
728  1861500.0,5776500.0  1860500.0,5776500.0 
729  1860500.0,5776500.0  1859500.0,5776500.0 
730  1859500.0,5776500.0  1859500.0,5777500.0 
731  1859500.0,5777500.0  1859500.0,5776500.0 
732  1859500.0,5776500.0  1859500.0,5777500.0 
733  1859500.0,5777500.0  1859500.0,5776500.0 
734  1859500.0,5776500.0  1859500.0,5777500.0 
735  1859500.0,5777500.0  1858500.0,5777500.0 
736  1858500.0,5777500.0  1857500.0,5777500.0 
737  1857500.0,5777500.0  1856500.0,5777500.0 
738  1856500.0,5777500.0  1856500.0,5777500.0 
739  1861500.0,5784500.0  1861500.0,5785500.0 
740  1861500.0,5785500.0  1860500.0,5785500.0 
741  1860500.0,5785500.0  1859500.0,5785500.0 
742  1859500.0,5785500.0  1859500.0,5786500.0 
743  1859500.0,5786500.0  1858500.0,5786500.0 
744  1858500.0,5786500.0  1857500.0,5786500.0 
745  1857500.0,5786500.0  1857500.0,5786500.0 
746  1862500.0,5785500.0  1862500.0,5786500.0 
747  1862500.0,5786500.0  1861500.0,5786500.0 
748  1861500.0,5786500.0  1860500.0,5786500.0 
749  1860500.0,5786500.0  1859500.0,5786500.0 
750  1859500.0,5786500.0  1859500.0,5787500.0 
751  1859500.0,5787500.0  1858500.0,5787500.0 
752  1858500.0,5787500.0  1857500.0,5787500.0 
753  1857500.0,5787500.0  1856500.0,5787500.0 
754  1856500.0,5787500.0  1856500.0,5788500.0 
755  1856500.0,5788500.0  1856500.0,5787500.0 
756  1856500.0,5787500.0  1856500.0,5788500.0 
757  1856500.0,5788500.0  1856500.0,5788500.0 
758  1868500.0,5775500.0  1867500.0,5775500.0 
759  1867500.0,5775500.0  1866500.0,5775500.0 
760  1866500.0,5775500.0  1865500.0,5775500.0 
761  1865500.0,5775500.0  1865500.0,5776500.0 
762  1865500.0,5776500.0  1864500.0,5776500.0 
763  1864500.0,5776500.0  1863500.0,5776500.0 
764  1863500.0,5776500.0  1863500.0,5777500.0 
765  1863500.0,5777500.0  1862500.0,5777500.0 
766  1862500.0,5777500.0  1861500.0,5777500.0 
767  1861500.0,5777500.0  1861500.0,5778500.0 
768  1861500.0,5778500.0  1861500.0,5777500.0 
769  1861500.0,5777500.0  1861500.0,5778500.0 
770  1861500.0,5778500.0  1860500.0,5778500.0 
771  1860500.0,5778500.0  1859500.0,5778500.0 
772  1859500.0,5778500.0  1858500.0,5778500.0 
773  1858500.0,5778500.0  1858500.0,5777500.0 
774  1858500.0,5777500.0  1858500.0,5778500.0 
775  1858500.0,5778500.0  1857500.0,5778500.0 
776  1857500.0,5778500.0  1856500.0,5778500.0 
777  1856500.0,5778500.0  1856500.0,5777500.0 
778  1856500.0,5777500.0  1856500.0,5777500.0 
779  1863500.0,5771500.0  1862500.0,5771500.0 
780  1862500.0,5771500.0  1862500.0,5772500.0 
781  1862500.0,5772500.0  1861500.0,5772500.0 
782  1861500.0,5772500.0  1861500.0,5773500.0 
783  1861500.0,5773500.0  1860500.0,5773500.0 
784  1860500.0,5773500.0  1860500.0,5773500.0 
785  1863500.0,5779500.0  1862500.0,5779500.0 
786  1862500.0,5779500.0  1861500.0,5779500.0 
787  1861500.0,5779500.0  1860500.0,5779500.0 
788  1860500.0,5779500.0  1860500.0,5780500.0 
789  1860500.0,5780500.0  1860500.0,5780500.0 
790  1864500.0,5786500.0  1863500.0,5786500.0 
791  1863500.0,5786500.0  1863500.0,5787500.0 
792  1863500.0,5787500.0  1862500.0,5787500.0 
793  1862500.0,5787500.0  1861500.0,5787500.0 
794  1861500.0,5787500.0  1861500.0,5788500.0 
795  1861500.0,5788500.0  1860500.0,5788500.0 
796  1860500.0,5788500.0  1860500.0,5789500.0 
797  1860500.0,5789500.0  1860500.0,5789500.0 
798  1864500.0,5788500.0  1863500.0,5788500.0 
799  1863500.0,5788500.0  1862500.0,5788500.0 
800  1862500.0,5788500.0  1862500.0,5789500.0 
801  1862500.0,5789500.0  1861500.0,5789500.0 
802  1861500.0,5789500.0  1860500.0,5789500.0 
803  1860500.0,5789500.0  1860500.0,5789500.0 
804  1866500.0,5773500.0  1865500.0,5773500.0 
805  1865500.0,5773500.0  1864500.0,5773500.0 
806  1864500.0,5773500.0  1863500.0,5773500.0 
807  1863500.0,5773500.0  1863500.0,5774500.0 
808  1863500.0,5774500.0  1863500.0,5773500.0 
809  1863500.0,5773500.0  1863500.0,5774500.0 
810  1863500.0,5774500.0  1862500.0,5774500.0 
811  1862500.0,5774500.0  1862500.0,5773500.0 
812  1862500.0,5773500.0  1862500.0,5774500.0 
813  1862500.0,5774500.0  1861500.0,5774500.0 
814  1861500.0,5774500.0  1860500.0,5774500.0 
815  1860500.0,5774500.0  1859500.0,5774500.0 
816  1859500.0,5774500.0  1858500.0,5774500.0 
817  1858500.0,5774500.0  1858500.0,5774500.0 
818  1868500.0,5770500.0  1868500.0,5771500.0 
819  1868500.0,5771500.0  1867500.0,5771500.0 
820  1867500.0,5771500.0  1866500.0,5771500.0 
821  1866500.0,5771500.0  1865500.0,5771500.0 
822  1865500.0,5771500.0  1865500.0,5772500.0 
823  1865500.0,5772500.0  1864500.0,5772500.0 
824  1864500.0,5772500.0  1863500.0,5772500.0 
825  1863500.0,5772500.0  1863500.0,5773500.0 
826  1863500.0,5773500.0  1862500.0,5773500.0 
827  1862500.0,5773500.0  1861500.0,5773500.0 
828  1861500.0,5773500.0  1860500.0,5773500.0 
829  1860500.0,5773500.0  1860500.0,5773500.0 
830  1812500.0,5874500.0  1812500.0,5875500.0 
831  1812500.0,5875500.0  1812500.0,5876500.0 
832  1812500.0,5876500.0  1812500.0,5876500.0 
833  1827500.0,5816500.0  1827500.0,5817500.0 
834  1827500.0,5817500.0  1827500.0,5818500.0 
835  1827500.0,5818500.0  1826500.0,5818500.0 
836  1826500.0,5818500.0  1826500.0,5819500.0 
837  1826500.0,5819500.0  1825500.0,5819500.0 
838  1825500.0,5819500.0  1824500.0,5819500.0 
839  1824500.0,5819500.0  1824500.0,5820500.0 
840  1824500.0,5820500.0  1824500.0,5821500.0 
841  1824500.0,5821500.0  1823500.0,5821500.0 
842  1823500.0,5821500.0  1824500.0,5821500.0 
843  1824500.0,5821500.0  1824500.0,5822500.0 
844  1824500.0,5822500.0  1823500.0,5822500.0 
845  1823500.0,5822500.0  1823500.0,5823500.0 
846  1823500.0,5823500.0  1824500.0,5823500.0 
847  1824500.0,5823500.0  1824500.0,5824500.0 
848  1824500.0,5824500.0  1824500.0,5825500.0 
849  1824500.0,5825500.0  1825500.0,5825500.0 
850  1825500.0,5825500.0  1824500.0,5825500.0 
851  1824500.0,5825500.0  1824500.0,5826500.0 
852  1824500.0,5826500.0  1823500.0,5826500.0 
853  1823500.0,5826500.0  1823500.0,5827500.0 
854  1823500.0,5827500.0  1823500.0,5828500.0 
855  1823500.0,5828500.0  1823500.0,5828500.0 
856  1832500.0,5814500.0  1832500.0,5815500.0 
857  1832500.0,5815500.0  1832500.0,5816500.0 
858  1832500.0,5816500.0  1832500.0,5817500.0 
859  1832500.0,5817500.0  1831500.0,5817500.0 
860  1831500.0,5817500.0  1831500.0,5816500.0 
861  1831500.0,5816500.0  1831500.0,5817500.0 
862  1831500.0,5817500.0  1831500.0,5816500.0 
863  1831500.0,5816500.0  1831500.0,5817500.0 
864  1831500.0,5817500.0  1830500.0,5817500.0 
865  1830500.0,5817500.0  1831500.0,5817500.0 
866  1831500.0,5817500.0  1830500.0,5817500.0 
867  1830500.0,5817500.0  1831500.0,5817500.0 
868  1831500.0,5817500.0  1831500.0,5818500.0 
869  1831500.0,5818500.0  1830500.0,5818500.0 
870  1830500.0,5818500.0  1830500.0,5819500.0 
871  1830500.0,5819500.0  1831500.0,5819500.0 
872  1831500.0,5819500.0  1831500.0,5820500.0 
873  1831500.0,5820500.0  1831500.0,5821500.0 
874  1831500.0,5821500.0  1831500.0,5822500.0 
875  1831500.0,5822500.0  1831500.0,5822500.0 
876  1831500.0,5822500.0  1830500.0,5822500.0 
877  1830500.0,5822500.0  1830500.0,5823500.0 
878  1830500.0,5823500.0  1830500.0,5824500.0 
879  1830500.0,5824500.0  1829500.0,5824500.0 
880  1829500.0,5824500.0  1829500.0,5823500.0 
881  1829500.0,5823500.0  1829500.0,5824500.0 
882  1829500.0,5824500.0  1828500.0,5824500.0 
883  1828500.0,5824500.0  1827500.0,5824500.0 
884  1827500.0,5824500.0  1827500.0,5825500.0 
885  1827500.0,5825500.0  1827500.0,5824500.0 
886  1827500.0,5824500.0  1826500.0,5824500.0 
887  1826500.0,5824500.0  1826500.0,5825500.0 
888  1826500.0,5825500.0  1825500.0,5825500.0 
889  1825500.0,5825500.0  1825500.0,5826500.0 
890  1825500.0,5826500.0  1825500.0,5827500.0 
891  1825500.0,5827500.0  1825500.0,5828500.0 
892  1825500.0,5828500.0  1824500.0,5828500.0 
893  1824500.0,5828500.0  1824500.0,5829500.0 
894  1824500.0,5829500.0  1824500.0,5829500.0 
895  1839500.0,5819500.0  1839500.0,5820500.0 
896  1839500.0,5820500.0  1839500.0,5821500.0 
897  1839500.0,5821500.0  1839500.0,5822500.0 
898  1839500.0,5822500.0  1839500.0,5823500.0 
899  1839500.0,5823500.0  1838500.0,5823500.0 
900  1838500.0,5823500.0  1838500.0,5824500.0 
901  1838500.0,5824500.0  1837500.0,5824500.0 
902  1837500.0,5824500.0  1836500.0,5824500.0 
903  1836500.0,5824500.0  1836500.0,5825500.0 
904  1836500.0,5825500.0  1835500.0,5825500.0 
905  1835500.0,5825500.0  1835500.0,5826500.0 
906  1835500.0,5826500.0  1835500.0,5827500.0 
907  1835500.0,5827500.0  1835500.0,5828500.0 
908  1835500.0,5828500.0  1834500.0,5828500.0 
909  1834500.0,5828500.0  1834500.0,5829500.0 
910  1834500.0,5829500.0  1833500.0,5829500.0 
911  1833500.0,5829500.0  1833500.0,5830500.0 
912  1833500.0,5830500.0  1833500.0,5831500.0 
913  1833500.0,5831500.0  1832500.0,5831500.0 
914  1832500.0,5831500.0  1832500.0,5832500.0 
915  1832500.0,5832500.0  1832500.0,5833500.0 
916  1832500.0,5833500.0  1832500.0,5834500.0 
917  1832500.0,5834500.0  1832500.0,5835500.0 
918  1832500.0,5835500.0  1832500.0,5836500.0 
919  1832500.0,5836500.0  1832500.0,5836500.0 
920  1835500.0,5837500.0  1835500.0,5838500.0 
921  1835500.0,5838500.0  1834500.0,5838500.0 
922  1834500.0,5838500.0  1834500.0,5839500.0 
923  1834500.0,5839500.0  1833500.0,5839500.0 
924  1833500.0,5839500.0  1834500.0,5839500.0 
925  1834500.0,5839500.0  1833500.0,5839500.0 
926  1833500.0,5839500.0  1833500.0,5840500.0 
927  1833500.0,5840500.0  1833500.0,5840500.0 
928  1838500.0,5844500.0  1837500.0,5844500.0 
929  1837500.0,5844500.0  1837500.0,5845500.0 
930  1837500.0,5845500.0  1837500.0,5846500.0 
931  1837500.0,5846500.0  1837500.0,5846500.0 
932  1832500.0,5836500.0  1832500.0,5837500.0 
933  1832500.0,5837500.0  1832500.0,5838500.0 
934  1832500.0,5838500.0  1833500.0,5838500.0 
935  1833500.0,5838500.0  1833500.0,5839500.0 
936  1833500.0,5839500.0  1832500.0,5839500.0 
937  1832500.0,5839500.0  1833500.0,5839500.0 
938  1833500.0,5839500.0  1832500.0,5839500.0 
939  1832500.0,5839500.0  1833500.0,5839500.0 
940  1833500.0,5839500.0  1833500.0,5840500.0 
941  1833500.0,5840500.0  1833500.0,5840500.0 
942  1843500.0,5838500.0  1843500.0,5837500.0 
943  1843500.0,5837500.0  1842500.0,5837500.0 
944  1842500.0,5837500.0  1842500.0,5836500.0 
945  1842500.0,5836500.0  1842500.0,5836500.0 
946  1844500.0,5835500.0  1843500.0,5835500.0 
947  1843500.0,5835500.0  1843500.0,5835500.0 
948  1844500.0,5851500.0  1844500.0,5850500.0 
949  1844500.0,5850500.0  1843500.0,5850500.0 
950  1843500.0,5850500.0  1843500.0,5851500.0 
951  1843500.0,5851500.0  1843500.0,5852500.0 
952  1843500.0,5852500.0  1842500.0,5852500.0 
953  1842500.0,5852500.0  1842500.0,5853500.0 
954  1842500.0,5853500.0  1843500.0,5853500.0 
955  1843500.0,5853500.0  1842500.0,5853500.0 
956  1842500.0,5853500.0  1842500.0,5854500.0 
957  1842500.0,5854500.0  1841500.0,5854500.0 
958  1841500.0,5854500.0  1841500.0,5854500.0 
959  1841500.0,5854500.0  1840500.0,5854500.0 
960  1840500.0,5854500.0  1840500.0,5854500.0 
961  1851500.0,5856500.0  1851500.0,5856500.0 
962  1853500.0,5797500.0  1852500.0,5797500.0 
963  1852500.0,5797500.0  1852500.0,5798500.0 
964  1852500.0,5798500.0  1851500.0,5798500.0 
965  1851500.0,5798500.0  1852500.0,5798500.0 
966  1852500.0,5798500.0  1851500.0,5798500.0 
967  1851500.0,5798500.0  1851500.0,5799500.0 
968  1851500.0,5799500.0  1851500.0,5800500.0 
969  1851500.0,5800500.0  1850500.0,5800500.0 
970  1850500.0,5800500.0  1850500.0,5800500.0 
971  1848500.0,5786500.0  1847500.0,5786500.0 
972  1847500.0,5786500.0  1847500.0,5787500.0 
973  1847500.0,5787500.0  1847500.0,5788500.0 
974  1847500.0,5788500.0  1846500.0,5788500.0 
975  1846500.0,5788500.0  1846500.0,5789500.0 
976  1846500.0,5789500.0  1846500.0,5790500.0 
977  1846500.0,5790500.0  1845500.0,5790500.0 
978  1845500.0,5790500.0  1846500.0,5790500.0 
979  1846500.0,5790500.0  1845500.0,5790500.0 
980  1845500.0,5790500.0  1845500.0,5791500.0 
981  1845500.0,5791500.0  1846500.0,5791500.0 
982  1846500.0,5791500.0  1846500.0,5792500.0 
983  1846500.0,5792500.0  1846500.0,5792500.0 
984  1857500.0,5786500.0  1856500.0,5786500.0 
985  1856500.0,5786500.0  1855500.0,5786500.0 
986  1855500.0,5786500.0  1855500.0,5787500.0 
987  1855500.0,5787500.0  1854500.0,5787500.0 
988  1854500.0,5787500.0  1853500.0,5787500.0 
989  1853500.0,5787500.0  1853500.0,5788500.0 
990  1853500.0,5788500.0  1852500.0,5788500.0 
991  1852500.0,5788500.0  1851500.0,5788500.0 
992  1851500.0,5788500.0  1851500.0,5789500.0 
993  1851500.0,5789500.0  1851500.0,5789500.0 
994  1854500.0,5790500.0  1853500.0,5790500.0 
995  1853500.0,5790500.0  1853500.0,5791500.0 
996  1853500.0,5791500.0  1852500.0,5791500.0 
997  1852500.0,5791500.0  1852500.0,5792500.0 
998  1852500.0,5792500.0  1851500.0,5792500.0 
999  1851500.0,5792500.0  1850500.0,5792500.0 
1000  1850500.0,5792500.0  1850500.0,5793500.0 
1001  1850500.0,5793500.0  1850500.0,5792500.0 
1002  1850500.0,5792500.0  1850500.0,5793500.0 
1003  1850500.0,5793500.0  1849500.0,5793500.0 
1004  1849500.0,5793500.0  1849500.0,5794500.0 
1005  1849500.0,5794500.0  1850500.0,5794500.0 
1006  1850500.0,5794500.0  1850500.0,5794500.0 
1007  1856500.0,5777500.0  1855500.0,5777500.0 
1008  1855500.0,5777500.0  1855500.0,5778500.0 
1009  1855500.0,5778500.0  1854500.0,5778500.0 
1010  1854500.0,5778500.0  1854500.0,5777500.0 
1011  1854500.0,5777500.0  1854500.0,5778500.0 
1012  1854500.0,5778500.0  1853500.0,5778500.0 
1013  1853500.0,5778500.0  1853500.0,5778500.0 
1014  1856500.0,5788500.0  1855500.0,5788500.0 
1015  1855500.0,5788500.0  1854500.0,5788500.0 
1016  1854500.0,5788500.0  1854500.0,5789500.0 
1017  1854500.0,5789500.0  1853500.0,5789500.0 
1018  1853500.0,5789500.0  1852500.0,5789500.0 
1019  1852500.0,5789500.0  1852500.0,5788500.0 
1020  1852500.0,5788500.0  1852500.0,5789500.0 
1021  1852500.0,5789500.0  1851500.0,5789500.0 
1022  1851500.0,5789500.0  1851500.0,5789500.0 
1023  1860500.0,5773500.0  1860500.0,5774500.0 
1024  1860500.0,5774500.0  1860500.0,5773500.0 
1025  1860500.0,5773500.0  1859500.0,5773500.0 
1026  1859500.0,5773500.0  1859500.0,5774500.0 
1027  1859500.0,5774500.0  1858500.0,5774500.0 
1028  1858500.0,5774500.0  1858500.0,5774500.0 
1029  1860500.0,5780500.0  1859500.0,5780500.0 
1030  1859500.0,5780500.0  1858500.0,5780500.0 
1031  1858500.0,5780500.0  1857500.0,5780500.0 
1032  1857500.0,5780500.0  1856500.0,5780500.0 
1033  1856500.0,5780500.0  1855500.0,5780500.0 
1034  1855500.0,5780500.0  1855500.0,5780500.0 
1035  1860500.0,5789500.0  1859500.0,5789500.0 
1036  1859500.0,5789500.0  1858500.0,5789500.0 
1037  1858500.0,5789500.0  1858500.0,5790500.0 
1038  1858500.0,5790500.0  1857500.0,5790500.0 
1039  1857500.0,5790500.0  1857500.0,5791500.0 
1040  1857500.0,5791500.0  1856500.0,5791500.0 
1041  1856500.0,5791500.0  1855500.0,5791500.0 
1042  1855500.0,5791500.0  1855500.0,5792500.0 
1043  1855500.0,5792500.0  1855500.0,5792500.0 
1044  1858500.0,5774500.0  1857500.0,5774500.0 
1045  1857500.0,5774500.0  1857500.0,5775500.0 
1046  1857500.0,5775500.0  1856500.0,5775500.0 
1047  1856500.0,5775500.0  1856500.0,5776500.0 
1048  1856500.0,5776500.0  1855500.0,5776500.0 
1049  1855500.0,5776500.0  1855500.0,5777500.0 
1050  1855500.0,5777500.0  1854500.0,5777500.0 
1051  1854500.0,5777500.0  1854500.0,5778500.0 
1052  1854500.0,5778500.0  1853500.0,5778500.0 
1053  1853500.0,5778500.0  1853500.0,5778500.0 
1054  1823500.0,5828500.0  1823500.0,5829500.0 
1055  1823500.0,5829500.0  1824500.0,5829500.0 
1056  1824500.0,5829500.0  1824500.0,5829500.0 
1057  1824500.0,5829500.0  1824500.0,5830500.0 
1058  1824500.0,5830500.0  1824500.0,5831500.0 
1059  1824500.0,5831500.0  1824500.0,5832500.0 
1060  1824500.0,5832500.0  1823500.0,5832500.0 
1061  1823500.0,5832500.0  1823500.0,5833500.0 
1062  1823500.0,5833500.0  1824500.0,5833500.0 
1063  1824500.0,5833500.0  1824500.0,5834500.0 
1064  1824500.0,5834500.0  1824500.0,5835500.0 
1065  1824500.0,5835500.0  1823500.0,5835500.0 
1066  1823500.0,5835500.0  1823500.0,5836500.0 
1067  1823500.0,5836500.0  1823500.0,5836500.0 
1068  1823500.0,5836500.0  1823500.0,5837500.0 
1069  1823500.0,5837500.0  1822500.0,5837500.0 
1070  1822500.0,5837500.0  1822500.0,5837500.0 
1071  1822500.0,5837500.0  1822500.0,5838500.0 
1072  1822500.0,5838500.0  1822500.0,5839500.0 
1073  1822500.0,5839500.0  1822500.0,5840500.0 
1074  1822500.0,5840500.0  1822500.0,5840500.0 
1075  1833500.0,5840500.0  1832500.0,5840500.0 
1076  1832500.0,5840500.0  1832500.0,5841500.0 
1077  1832500.0,5841500.0  1833500.0,5841500.0 
1078  1833500.0,5841500.0  1832500.0,5841500.0 
1079  1832500.0,5841500.0  1832500.0,5842500.0 
1080  1832500.0,5842500.0  1832500.0,5843500.0 
1081  1832500.0,5843500.0  1831500.0,5843500.0 
1082  1831500.0,5843500.0  1831500.0,5844500.0 
1083  1831500.0,5844500.0  1830500.0,5844500.0 
1084  1830500.0,5844500.0  1829500.0,5844500.0 
1085  1829500.0,5844500.0  1828500.0,5844500.0 
1086  1828500.0,5844500.0  1828500.0,5845500.0 
1087  1828500.0,5845500.0  1827500.0,5845500.0 
1088  1827500.0,5845500.0  1827500.0,5846500.0 
1089  1827500.0,5846500.0  1826500.0,5846500.0 
1090  1826500.0,5846500.0  1826500.0,5846500.0 
1091  1851500.0,5856500.0  1851500.0,5856500.0 
1092  1851500.0,5856500.0  1850500.0,5856500.0 
1093  1850500.0,5856500.0  1849500.0,5856500.0 
1094  1849500.0,5856500.0  1849500.0,5856500.0 
1095  1850500.0,5800500.0  1850500.0,5800500.0 
1096  1851500.0,5789500.0  1850500.0,5789500.0 
1097  1850500.0,5789500.0  1849500.0,5789500.0 
1098  1849500.0,5789500.0  1849500.0,5790500.0 
1099  1849500.0,5790500.0  1848500.0,5790500.0 
1100  1848500.0,5790500.0  1848500.0,5791500.0 
1101  1848500.0,5791500.0  1847500.0,5791500.0 
1102  1847500.0,5791500.0  1847500.0,5792500.0 
1103  1847500.0,5792500.0  1847500.0,5791500.0 
1104  1847500.0,5791500.0  1847500.0,5792500.0 
1105  1847500.0,5792500.0  1847500.0,5791500.0 
1106  1847500.0,5791500.0  1847500.0,5792500.0 
1107  1847500.0,5792500.0  1846500.0,5792500.0 
1108  1846500.0,5792500.0  1846500.0,5792500.0 
1109  1853500.0,5778500.0  1852500.0,5778500.0 
1110  1852500.0,5778500.0  1852500.0,5779500.0 
1111  1852500.0,5779500.0  1851500.0,5779500.0 
1112  1851500.0,5779500.0  1850500.0,5779500.0 
1113  1850500.0,5779500.0  1849500.0,5779500.0 
1114  1849500.0,5779500.0  1849500.0,5780500.0 
1115  1849500.0,5780500.0  1848500.0,5780500.0 
1116  1848500.0,5780500.0  1848500.0,5781500.0 
1117  1848500.0,5781500.0  1847500.0,5781500.0 
1118  1847500.0,5781500.0  1846500.0,5781500.0 
1119  1846500.0,5781500.0  1846500.0,5781500.0 
1120  1855500.0,5792500.0  1854500.0,5792500.0 
1121  1854500.0,5792500.0  1854500.0,5793500.0 
1122  1854500.0,5793500.0  1853500.0,5793500.0 
1123  1853500.0,5793500.0  1852500.0,5793500.0 
1124  1852500.0,5793500.0  1852500.0,5794500.0 
1125  1852500.0,5794500.0  1851500.0,5794500.0 
1126  1851500.0,5794500.0  1851500.0,5794500.0 
1127  1855500.0,5780500.0  1855500.0,5781500.0 
1128  1855500.0,5781500.0  1854500.0,5781500.0 
1129  1854500.0,5781500.0  1853500.0,5781500.0 
1130  1853500.0,5781500.0  1852500.0,5781500.0 
1131  1852500.0,5781500.0  1851500.0,5781500.0 
1132  1851500.0,5781500.0  1851500.0,5782500.0 
1133  1851500.0,5782500.0  1851500.0,5782500.0 
1134  1822500.0,5840500.0  1822500.0,5841500.0 
1135  1822500.0,5841500.0  1821500.0,5841500.0 
1136  1821500.0,5841500.0  1822500.0,5841500.0 
1137  1822500.0,5841500.0  1821500.0,5841500.0 
1138  1821500.0,5841500.0  1821500.0,5842500.0 
1139  1821500.0,5842500.0  1821500.0,5843500.0 
1140  1821500.0,5843500.0  1821500.0,5844500.0 
1141  1821500.0,5844500.0  1821500.0,5845500.0 
1142  1821500.0,5845500.0  1821500.0,5846500.0 
1143  1821500.0,5846500.0  1821500.0,5847500.0 
1144  1821500.0,5847500.0  1821500.0,5847500.0 
1145  1821500.0,5847500.0  1822500.0,5847500.0 
1146  1822500.0,5847500.0  1821500.0,5847500.0 
1147  1821500.0,5847500.0  1821500.0,5848500.0 
1148  1821500.0,5848500.0  1822500.0,5848500.0 
1149  1822500.0,5848500.0  1821500.0,5848500.0 
1150  1821500.0,5848500.0  1822500.0,5848500.0 
1151  1822500.0,5848500.0  1822500.0,5849500.0 
1152  1822500.0,5849500.0  1822500.0,5850500.0 
1153  1822500.0,5850500.0  1822500.0,5851500.0 
1154  1822500.0,5851500.0  1822500.0,5852500.0 
1155  1822500.0,5852500.0  1823500.0,5852500.0 
1156  1823500.0,5852500.0  1823500.0,5853500.0 
1157  1823500.0,5853500.0  1823500.0,5853500.0 
1158  1826500.0,5846500.0  1826500.0,5847500.0 
1159  1826500.0,5847500.0  1825500.0,5847500.0 
1160  1825500.0,5847500.0  1825500.0,5848500.0 
1161  1825500.0,5848500.0  1824500.0,5848500.0 
1162  1824500.0,5848500.0  1824500.0,5849500.0 
1163  1824500.0,5849500.0  1823500.0,5849500.0 
1164  1823500.0,5849500.0  1823500.0,5850500.0 
1165  1823500.0,5850500.0  1823500.0,5851500.0 
1166  1823500.0,5851500.0  1823500.0,5852500.0 
1167  1823500.0,5852500.0  1823500.0,5853500.0 
1168  1823500.0,5853500.0  1823500.0,5853500.0 
1169  1846500.0,5792500.0  1846500.0,5793500.0 
1170  1846500.0,5793500.0  1845500.0,5793500.0 
1171  1845500.0,5793500.0  1846500.0,5793500.0 
1172  1846500.0,5793500.0  1846500.0,5794500.0 
1173  1846500.0,5794500.0  1846500.0,5795500.0 
1174  1846500.0,5795500.0  1846500.0,5796500.0 
1175  1846500.0,5796500.0  1846500.0,5797500.0 
1176  1846500.0,5797500.0  1845500.0,5797500.0 
1177  1845500.0,5797500.0  1845500.0,5798500.0 
1178  1845500.0,5798500.0  1846500.0,5798500.0 
1179  1846500.0,5798500.0  1845500.0,5798500.0 
1180  1845500.0,5798500.0  1845500.0,5799500.0 
1181  1845500.0,5799500.0  1846500.0,5799500.0 
1182  1846500.0,5799500.0  1846500.0,5800500.0 
1183  1846500.0,5800500.0  1845500.0,5800500.0 
1184  1845500.0,5800500.0  1846500.0,5800500.0 
1185  1846500.0,5800500.0  1846500.0,5801500.0 
1186  1846500.0,5801500.0  1845500.0,5801500.0 
1187  1845500.0,5801500.0  1846500.0,5801500.0 
1188  1846500.0,5801500.0  1846500.0,5802500.0 
1189  1846500.0,5802500.0  1846500.0,5802500.0 
1190  1846500.0,5781500.0  1846500.0,5782500.0 
1191  1846500.0,5782500.0  1845500.0,5782500.0 
1192  1845500.0,5782500.0  1846500.0,5782500.0 
1193  1846500.0,5782500.0  1846500.0,5783500.0 
1194  1846500.0,5783500.0  1846500.0,5784500.0 
1195  1846500.0,5784500.0  1846500.0,5784500.0 
1196  1849500.0,5856500.0  1848500.0,5856500.0 
1197  1848500.0,5856500.0  1849500.0,5856500.0 
1198  1849500.0,5856500.0  1848500.0,5856500.0 
1199  1848500.0,5856500.0  1848500.0,5855500.0 
1200  1848500.0,5855500.0  1847500.0,5855500.0 
1201  1847500.0,5855500.0  1846500.0,5855500.0 
1202  1846500.0,5855500.0  1846500.0,5855500.0 
1203  1851500.0,5794500.0  1850500.0,5794500.0 
1204  1850500.0,5794500.0  1850500.0,5794500.0 
1205  1851500.0,5782500.0  1850500.0,5782500.0 
1206  1850500.0,5782500.0  1849500.0,5782500.0 
1207  1849500.0,5782500.0  1849500.0,5783500.0 
1208  1849500.0,5783500.0  1848500.0,5783500.0 
1209  1848500.0,5783500.0  1847500.0,5783500.0 
1210  1847500.0,5783500.0  1847500.0,5784500.0 
1211  1847500.0,5784500.0  1847500.0,5783500.0 
1212  1847500.0,5783500.0  1846500.0,5783500.0 
1213  1846500.0,5783500.0  1846500.0,5784500.0 
1214  1846500.0,5784500.0  1846500.0,5784500.0 
1215  1823500.0,5853500.0  1822500.0,5853500.0 
1216  1822500.0,5853500.0  1822500.0,5854500.0 
1217  1822500.0,5854500.0  1822500.0,5854500.0 
1218  1822500.0,5854500.0  1822500.0,5854500.0 
1219  1846500.0,5784500.0  1845500.0,5784500.0 
1220  1845500.0,5784500.0  1844500.0,5784500.0 
1221  1844500.0,5784500.0  1844500.0,5785500.0 
1222  1844500.0,5785500.0  1845500.0,5785500.0 
1223  1845500.0,5785500.0  1844500.0,5785500.0 
1224  1844500.0,5785500.0  1844500.0,5786500.0 
1225  1844500.0,5786500.0  1844500.0,5787500.0 
1226  1844500.0,5787500.0  1844500.0,5788500.0 
1227  1844500.0,5788500.0  1843500.0,5788500.0 
1228  1843500.0,5788500.0  1842500.0,5788500.0 
1229  1842500.0,5788500.0  1842500.0,5789500.0 
1230  1842500.0,5789500.0  1842500.0,5790500.0 
1231  1842500.0,5790500.0  1842500.0,5791500.0 
1232  1842500.0,5791500.0  1842500.0,5792500.0 
1233  1842500.0,5792500.0  1843500.0,5792500.0 
1234  1843500.0,5792500.0  1842500.0,5792500.0 
1235  1842500.0,5792500.0  1842500.0,5793500.0 
1236  1842500.0,5793500.0  1842500.0,5794500.0 
1237  1842500.0,5794500.0  1842500.0,5795500.0 
1238  1842500.0,5795500.0  1842500.0,5795500.0 
1239  1846500.0,5855500.0  1845500.0,5855500.0 
1240  1845500.0,5855500.0  1844500.0,5855500.0 
1241  1844500.0,5855500.0  1844500.0,5855500.0 
1242  1850500.0,5794500.0  1849500.0,5794500.0 
1243  1849500.0,5794500.0  1849500.0,5795500.0 
1244  1849500.0,5795500.0  1849500.0,5796500.0 
1245  1849500.0,5796500.0  1849500.0,5797500.0 
1246  1849500.0,5797500.0  1849500.0,5798500.0 
1247  1849500.0,5798500.0  1850500.0,5798500.0 
1248  1850500.0,5798500.0  1850500.0,5799500.0 
1249  1850500.0,5799500.0  1850500.0,5800500.0 
1250  1850500.0,5800500.0  1850500.0,5800500.0 
1251  1850500.0,5800500.0  1850500.0,5801500.0 
1252  1850500.0,5801500.0  1850500.0,5802500.0 
1253  1850500.0,5802500.0  1850500.0,5803500.0 
1254  1850500.0,5803500.0  1850500.0,5804500.0 
1255  1850500.0,5804500.0  1851500.0,5804500.0 
1256  1851500.0,5804500.0  1852500.0,5804500.0 
1257  1852500.0,5804500.0  1852500.0,5804500.0 
1258  1852500.0,5804500.0  1852500.0,5805500.0 
1259  1852500.0,5805500.0  1852500.0,5806500.0 
1260  1852500.0,5806500.0  1851500.0,5806500.0 
1261  1851500.0,5806500.0  1851500.0,5806500.0 
1262  1851500.0,5806500.0  1852500.0,5806500.0 
1263  1852500.0,5806500.0  1852500.0,5807500.0 
1264  1852500.0,5807500.0  1852500.0,5806500.0 
1265  1852500.0,5806500.0  1851500.0,5806500.0 
1266  1851500.0,5806500.0  1851500.0,5807500.0 
1267  1851500.0,5807500.0  1852500.0,5807500.0 
1268  1852500.0,5807500.0  1851500.0,5807500.0 
1269  1851500.0,5807500.0  1851500.0,5808500.0 
1270  1851500.0,5808500.0  1850500.0,5808500.0 
1271  1850500.0,5808500.0  1851500.0,5808500.0 
1272  1851500.0,5808500.0  1851500.0,5808500.0 
1273  1822500.0,5854500.0  1822500.0,5855500.0 
1274  1822500.0,5855500.0  1823500.0,5855500.0 
1275  1823500.0,5855500.0  1824500.0,5855500.0 
1276  1824500.0,5855500.0  1824500.0,5856500.0 
1277  1824500.0,5856500.0  1824500.0,5857500.0 
1278  1824500.0,5857500.0  1824500.0,5858500.0 
1279  1824500.0,5858500.0  1823500.0,5858500.0 
1280  1823500.0,5858500.0  1823500.0,5859500.0 
1281  1823500.0,5859500.0  1823500.0,5859500.0 
1282  1823500.0,5859500.0  1822500.0,5859500.0 
1283  1822500.0,5859500.0  1822500.0,5860500.0 
1284  1822500.0,5860500.0  1821500.0,5860500.0 
1285  1821500.0,5860500.0  1821500.0,5861500.0 
1286  1821500.0,5861500.0  1822500.0,5861500.0 
1287  1822500.0,5861500.0  1821500.0,5861500.0 
1288  1821500.0,5861500.0  1821500.0,5862500.0 
1289  1821500.0,5862500.0  1821500.0,5862500.0 
1290  1842500.0,5795500.0  1842500.0,5796500.0 
1291  1842500.0,5796500.0  1843500.0,5796500.0 
1292  1843500.0,5796500.0  1843500.0,5797500.0 
1293  1843500.0,5797500.0  1843500.0,5798500.0 
1294  1843500.0,5798500.0  1843500.0,5799500.0 
1295  1843500.0,5799500.0  1844500.0,5799500.0 
1296  1844500.0,5799500.0  1844500.0,5800500.0 
1297  1844500.0,5800500.0  1845500.0,5800500.0 
1298  1845500.0,5800500.0  1845500.0,5801500.0 
1299  1845500.0,5801500.0  1845500.0,5802500.0 
1300  1845500.0,5802500.0  1846500.0,5802500.0 
1301  1846500.0,5802500.0  1846500.0,5802500.0 
1302  1846500.0,5802500.0  1845500.0,5802500.0 
1303  1845500.0,5802500.0  1845500.0,5803500.0 
1304  1845500.0,5803500.0  1846500.0,5803500.0 
1305  1846500.0,5803500.0  1845500.0,5803500.0 
1306  1845500.0,5803500.0  1845500.0,5804500.0 
1307  1845500.0,5804500.0  1845500.0,5805500.0 
1308  1845500.0,5805500.0  1846500.0,5805500.0 
1309  1846500.0,5805500.0  1846500.0,5806500.0 
1310  1846500.0,5806500.0  1847500.0,5806500.0 
1311  1847500.0,5806500.0  1846500.0,5806500.0 
1312  1846500.0,5806500.0  1846500.0,5807500.0 
1313  1846500.0,5807500.0  1847500.0,5807500.0 
1314  1847500.0,5807500.0  1848500.0,5807500.0 
1315  1848500.0,5807500.0  1848500.0,5808500.0 
1316  1848500.0,5808500.0  1848500.0,5807500.0 
1317  1848500.0,5807500.0  1848500.0,5808500.0 
1318  1848500.0,5808500.0  1849500.0,5808500.0 
1319  1849500.0,5808500.0  1848500.0,5808500.0 
1320  1848500.0,5808500.0  1849500.0,5808500.0 
1321  1849500.0,5808500.0  1850500.0,5808500.0 
1322  1850500.0,5808500.0  1850500.0,5809500.0 
1323  1850500.0,5809500.0  1850500.0,5809500.0 
1324  1844500.0,5855500.0  1843500.0,5855500.0 
1325  1843500.0,5855500.0  1843500.0,5854500.0 
1326  1843500.0,5854500.0  1843500.0,5855500.0 
1327  1843500.0,5855500.0  1842500.0,5855500.0 
1328  1842500.0,5855500.0  1842500.0,5854500.0 
1329  1842500.0,5854500.0  1842500.0,5855500.0 
1330  1842500.0,5855500.0  1842500.0,5854500.0 
1331  1842500.0,5854500.0  1841500.0,5854500.0 
1332  1841500.0,5854500.0  1840500.0,5854500.0 
1333  1840500.0,5854500.0  1840500.0,5854500.0 
1334  1851500.0,5808500.0  1850500.0,5808500.0 
1335  1850500.0,5808500.0  1850500.0,5809500.0 
1336  1850500.0,5809500.0  1850500.0,5809500.0 
1337  1821500.0,5862500.0  1821500.0,5863500.0 
1338  1821500.0,5863500.0  1821500.0,5864500.0 
1339  1821500.0,5864500.0  1822500.0,5864500.0 
1340  1822500.0,5864500.0  1822500.0,5865500.0 
1341  1822500.0,5865500.0  1822500.0,5866500.0 
1342  1822500.0,5866500.0  1822500.0,5866500.0 
1343  1822500.0,5866500.0  1822500.0,5867500.0 
1344  1822500.0,5867500.0  1822500.0,5868500.0 
1345  1822500.0,5868500.0  1822500.0,5869500.0 
1346  1822500.0,5869500.0  1822500.0,5870500.0 
1347  1822500.0,5870500.0  1821500.0,5870500.0 
1348  1821500.0,5870500.0  1821500.0,5870500.0 
1349  1821500.0,5870500.0  1821500.0,5871500.0 
1350  1821500.0,5871500.0  1821500.0,5872500.0 
1351  1821500.0,5872500.0  1821500.0,5873500.0 
1352  1821500.0,5873500.0  1822500.0,5873500.0 
1353  1822500.0,5873500.0  1822500.0,5874500.0 
1354  1822500.0,5874500.0  1821500.0,5874500.0 
1355  1821500.0,5874500.0  1821500.0,5875500.0 
1356  1821500.0,5875500.0  1820500.0,5875500.0 
1357  1820500.0,5875500.0  1821500.0,5875500.0 
1358  1821500.0,5875500.0  1821500.0,5876500.0 
1359  1821500.0,5876500.0  1821500.0,5877500.0 
1360  1821500.0,5877500.0  1820500.0,5877500.0 
1361  1820500.0,5877500.0  1820500.0,5878500.0 
1362  1820500.0,5878500.0  1821500.0,5878500.0 
1363  1821500.0,5878500.0  1821500.0,5879500.0 
1364  1821500.0,5879500.0  1821500.0,5880500.0 
1365  1821500.0,5880500.0  1821500.0,5880500.0 
1366  1840500.0,5854500.0  1840500.0,5855500.0 
1367  1840500.0,5855500.0  1839500.0,5855500.0 
1368  1839500.0,5855500.0  1839500.0,5856500.0 
1369  1839500.0,5856500.0  1839500.0,5856500.0 
1370  1850500.0,5809500.0  1850500.0,5810500.0 
1371  1850500.0,5810500.0  1850500.0,5811500.0 
1372  1850500.0,5811500.0  1850500.0,5812500.0 
1373  1850500.0,5812500.0  1849500.0,5812500.0 
1374  1849500.0,5812500.0  1849500.0,5812500.0 
1375  1849500.0,5812500.0  1849500.0,5813500.0 
1376  1849500.0,5813500.0  1850500.0,5813500.0 
1377  1850500.0,5813500.0  1849500.0,5813500.0 
1378  1849500.0,5813500.0  1850500.0,5813500.0 
1379  1850500.0,5813500.0  1850500.0,5813500.0 
1380  1850500.0,5813500.0  1850500.0,5814500.0 
1381  1850500.0,5814500.0  1849500.0,5814500.0 
1382  1849500.0,5814500.0  1849500.0,5815500.0 
1383  1849500.0,5815500.0  1849500.0,5814500.0 
1384  1849500.0,5814500.0  1850500.0,5814500.0 
1385  1850500.0,5814500.0  1850500.0,5815500.0 
1386  1850500.0,5815500.0  1850500.0,5816500.0 
1387  1850500.0,5816500.0  1851500.0,5816500.0 
1388  1851500.0,5816500.0  1851500.0,5817500.0 
1389  1851500.0,5817500.0  1850500.0,5817500.0 
1390  1850500.0,5817500.0  1851500.0,5817500.0 
1391  1851500.0,5817500.0  1851500.0,5817500.0 
1392  1839500.0,5856500.0  1838500.0,5856500.0 
1393  1838500.0,5856500.0  1838500.0,5857500.0 
1394  1838500.0,5857500.0  1837500.0,5857500.0 
1395  1837500.0,5857500.0  1837500.0,5858500.0 
1396  1837500.0,5858500.0  1837500.0,5857500.0 
1397  1837500.0,5857500.0  1837500.0,5858500.0 
1398  1837500.0,5858500.0  1836500.0,5858500.0 
1399  1836500.0,5858500.0  1836500.0,5859500.0 
1400  1836500.0,5859500.0  1835500.0,5859500.0 
1401  1835500.0,5859500.0  1835500.0,5858500.0 
1402  1835500.0,5858500.0  1835500.0,5858500.0 
1403  1851500.0,5817500.0  1851500.0,5818500.0 
1404  1851500.0,5818500.0  1850500.0,5818500.0 
1405  1850500.0,5818500.0  1851500.0,5818500.0 
1406  1851500.0,5818500.0  1850500.0,5818500.0 
1407  1850500.0,5818500.0  1850500.0,5818500.0 
1408  1850500.0,5818500.0  1850500.0,5819500.0 
1409  1850500.0,5819500.0  1850500.0,5818500.0 
1410  1850500.0,5818500.0  1851500.0,5818500.0 
1411  1851500.0,5818500.0  1851500.0,5819500.0 
1412  1851500.0,5819500.0  1850500.0,5819500.0 
1413  1850500.0,5819500.0  1851500.0,5819500.0 
1414  1851500.0,5819500.0  1851500.0,5820500.0 
1415  1851500.0,5820500.0  1851500.0,5820500.0 
1416  1851500.0,5820500.0  1851500.0,5821500.0 
1417  1851500.0,5821500.0  1850500.0,5821500.0 
1418  1850500.0,5821500.0  1851500.0,5821500.0 
1419  1851500.0,5821500.0  1850500.0,5821500.0 
1420  1850500.0,5821500.0  1850500.0,5822500.0 
1421  1850500.0,5822500.0  1849500.0,5822500.0 
1422  1849500.0,5822500.0  1849500.0,5823500.0 
1423  1849500.0,5823500.0  1848500.0,5823500.0 
1424  1848500.0,5823500.0  1848500.0,5823500.0 
1425  1835500.0,5858500.0  1835500.0,5859500.0 
1426  1835500.0,5859500.0  1834500.0,5859500.0 
1427  1834500.0,5859500.0  1835500.0,5859500.0 
1428  1835500.0,5859500.0  1835500.0,5860500.0 
1429  1835500.0,5860500.0  1835500.0,5861500.0 
1430  1835500.0,5861500.0  1834500.0,5861500.0 
1431  1834500.0,5861500.0  1834500.0,5861500.0 
1432  1848500.0,5823500.0  1848500.0,5824500.0 
1433  1848500.0,5824500.0  1847500.0,5824500.0 
1434  1847500.0,5824500.0  1847500.0,5824500.0 
1435  1847500.0,5824500.0  1847500.0,5825500.0 
1436  1847500.0,5825500.0  1847500.0,5826500.0 
1437  1847500.0,5826500.0  1846500.0,5826500.0 
1438  1846500.0,5826500.0  1846500.0,5827500.0 
1439  1846500.0,5827500.0  1846500.0,5827500.0 
1440  1846500.0,5827500.0  1846500.0,5828500.0 
1441  1846500.0,5828500.0  1847500.0,5828500.0 
1442  1847500.0,5828500.0  1847500.0,5827500.0 
1443  1847500.0,5827500.0  1847500.0,5828500.0 
1444  1847500.0,5828500.0  1846500.0,5828500.0 
1445  1846500.0,5828500.0  1846500.0,5829500.0 
1446  1846500.0,5829500.0  1845500.0,5829500.0 
1447  1845500.0,5829500.0  1845500.0,5830500.0 
1448  1845500.0,5830500.0  1846500.0,5830500.0 
1449  1846500.0,5830500.0  1845500.0,5830500.0 
1450  1845500.0,5830500.0  1845500.0,5831500.0 
1451  1845500.0,5831500.0  1844500.0,5831500.0 
1452  1844500.0,5831500.0  1844500.0,5832500.0 
1453  1844500.0,5832500.0  1844500.0,5832500.0 
1454  1834500.0,5861500.0  1834500.0,5861500.0 
1455  1844500.0,5832500.0  1843500.0,5832500.0 
1456  1843500.0,5832500.0  1843500.0,5833500.0 
1457  1843500.0,5833500.0  1843500.0,5834500.0 
1458  1843500.0,5834500.0  1844500.0,5834500.0 
1459  1844500.0,5834500.0  1843500.0,5834500.0 
1460  1843500.0,5834500.0  1843500.0,5835500.0 
1461  1843500.0,5835500.0  1844500.0,5835500.0 
1462  1844500.0,5835500.0  1843500.0,5835500.0 
1463  1843500.0,5835500.0  1843500.0,5835500.0 
1464  1843500.0,5835500.0  1843500.0,5836500.0 
1465  1843500.0,5836500.0  1842500.0,5836500.0 
1466  1842500.0,5836500.0  1842500.0,5836500.0 
1467  1842500.0,5836500.0  1842500.0,5837500.0 
1468  1842500.0,5837500.0  1841500.0,5837500.0 
1469  1841500.0,5837500.0  1841500.0,5838500.0 
1470  1841500.0,5838500.0  1840500.0,5838500.0 
1471  1840500.0,5838500.0  1841500.0,5838500.0 
1472  1841500.0,5838500.0  1841500.0,5839500.0 
1473  1841500.0,5839500.0  1840500.0,5839500.0 
1474  1840500.0,5839500.0  1839500.0,5839500.0 
1475  1839500.0,5839500.0  1839500.0,5840500.0 
1476  1839500.0,5840500.0  1838500.0,5840500.0 
1477  1838500.0,5840500.0  1838500.0,5841500.0 
1478  1838500.0,5841500.0  1838500.0,5840500.0 
1479  1838500.0,5840500.0  1839500.0,5840500.0 
1480  1839500.0,5840500.0  1839500.0,5841500.0 
1481  1839500.0,5841500.0  1839500.0,5841500.0 
1482  1839500.0,5841500.0  1838500.0,5841500.0 
1483  1838500.0,5841500.0  1838500.0,5841500.0 
1484  1838500.0,5841500.0  1838500.0,5842500.0 
1485  1838500.0,5842500.0  1838500.0,5841500.0 
1486  1838500.0,5841500.0  1838500.0,5842500.0 
1487  1838500.0,5842500.0  1837500.0,5842500.0 
1488  1837500.0,5842500.0  1837500.0,5843500.0 
1489  1837500.0,5843500.0  1837500.0,5843500.0 
1490  1837500.0,5843500.0  1837500.0,5844500.0 
1491  1837500.0,5844500.0  1837500.0,5845500.0 
1492  1837500.0,5845500.0  1837500.0,5844500.0 
1493  1837500.0,5844500.0  1836500.0,5844500.0 
1494  1836500.0,5844500.0  1836500.0,5845500.0 
1495  1836500.0,5845500.0  1836500.0,5846500.0 
1496  1836500.0,5846500.0  1837500.0,5846500.0 
1497  1837500.0,5846500.0  1837500.0,5846500.0 
1498  1837500.0,5846500.0  1836500.0,5846500.0 
1499  1836500.0,5846500.0  1836500.0,5846500.0 
1500  1836500.0,5846500.0  1836500.0,5846500.0 
1501  1836500.0,5846500.0  1835500.0,5846500.0 
1502  1835500.0,5846500.0  1835500.0,5847500.0 
1503  1835500.0,5847500.0  1834500.0,5847500.0 
1504  1834500.0,5847500.0  1834500.0,5848500.0 
1505  1834500.0,5848500.0  1834500.0,5849500.0 
1506  1834500.0,5849500.0  1834500.0,5849500.0 
1507  1834500.0,5849500.0  1834500.0,5850500.0 
1508  1834500.0,5850500.0  1833500.0,5850500.0 
1509  1833500.0,5850500.0  1833500.0,5851500.0 
1510  1833500.0,5851500.0  1834500.0,5851500.0 
1511  1834500.0,5851500.0  1833500.0,5851500.0 
1512  1833500.0,5851500.0  1833500.0,5852500.0 
1513  1833500.0,5852500.0  1833500.0,5853500.0 
1514  1833500.0,5853500.0  1832500.0,5853500.0 
1515  1832500.0,5853500.0  1832500.0,5854500.0 
1516  1832500.0,5854500.0  1832500.0,5855500.0 
1517  1832500.0,5855500.0  1832500.0,5856500.0 
1518  1832500.0,5856500.0  1832500.0,5857500.0 
1519  1832500.0,5857500.0  1833500.0,5857500.0 
1520  1833500.0,5857500.0  1833500.0,5858500.0 
1521  1833500.0,5858500.0  1832500.0,5858500.0 
1522  1832500.0,5858500.0  1832500.0,5859500.0 
1523  1832500.0,5859500.0  1833500.0,5859500.0 
1524  1833500.0,5859500.0  1833500.0,5860500.0 
1525  1833500.0,5860500.0  1833500.0,5861500.0 
1526  1833500.0,5861500.0  1834500.0,5861500.0 
1527  1834500.0,5861500.0  1834500.0,5861500.0 
1528  1834500.0,5861500.0  1834500.0,5862500.0 
1529  1834500.0,5862500.0  1834500.0,5863500.0 
1530  1834500.0,5863500.0  1834500.0,5863500.0 
1531  1834500.0,5863500.0  1834500.0,5864500.0 
1532  1834500.0,5864500.0  1834500.0,5865500.0 
1533  1834500.0,5865500.0  1834500.0,5866500.0 
1534  1834500.0,5866500.0  1834500.0,5866500.0 
1535  1834500.0,5866500.0  1834500.0,5865500.0 
1536  1834500.0,5865500.0  1833500.0,5865500.0 
1537  1833500.0,5865500.0  1832500.0,5865500.0 
1538  1832500.0,5865500.0  1831500.0,5865500.0 
1539  1831500.0,5865500.0  1831500.0,5866500.0 
1540  1831500.0,5866500.0  1831500.0,5867500.0 
1541  1831500.0,5867500.0  1831500.0,5868500.0 
1542  1831500.0,5868500.0  1832500.0,5868500.0 
1543  1832500.0,5868500.0  1832500.0,5869500.0 
1544  1832500.0,5869500.0  1833500.0,5869500.0 
1545  1833500.0,5869500.0  1833500.0,5869500.0 
1546  1833500.0,5869500.0  1833500.0,5870500.0 
1547  1833500.0,5870500.0  1832500.0,5870500.0 
1548  1832500.0,5870500.0  1831500.0,5870500.0 
1549  1831500.0,5870500.0  1831500.0,5869500.0 
1550  1831500.0,5869500.0  1831500.0,5870500.0 
1551  1831500.0,5870500.0  1830500.0,5870500.0 
1552  1830500.0,5870500.0  1830500.0,5871500.0 
1553  1830500.0,5871500.0  1830500.0,5872500.0 
1554  1830500.0,5872500.0  1830500.0,5873500.0 
1555  1830500.0,5873500.0  1831500.0,5873500.0 
1556  1831500.0,5873500.0  1831500.0,5874500.0 
1557  1831500.0,5874500.0  1831500.0,5874500.0 
1558  1831500.0,5874500.0  1832500.0,5874500.0 
1559  1832500.0,5874500.0  1832500.0,5874500.0 
1560  1832500.0,5874500.0  1832500.0,5875500.0 
1561  1832500.0,5875500.0  1831500.0,5875500.0 
1562  1831500.0,5875500.0  1830500.0,5875500.0 
1563  1830500.0,5875500.0  1829500.0,5875500.0 
1564  1829500.0,5875500.0  1828500.0,5875500.0 
1565  1828500.0,5875500.0  1828500.0,5875500.0 
1566  1828500.0,5875500.0  1828500.0,5876500.0 
1567  1828500.0,5876500.0  1828500.0,5877500.0 
1568  1828500.0,5877500.0  1828500.0,5877500.0 
1569  1828500.0,5877500.0  1827500.0,5877500.0 
1570  1827500.0,5877500.0  1827500.0,5878500.0 
1571  1827500.0,5878500.0  1827500.0,5879500.0 
1572  1827500.0,5879500.0  1827500.0,5880500.0 
1573  1827500.0,5880500.0  1827500.0,5881500.0 
1574  1827500.0,5881500.0  1827500.0,5881500.0 
1575  1827500.0,5881500.0  1827500.0,5882500.0 
1576  1827500.0,5882500.0  1826500.0,5882500.0 
1577  1826500.0,5882500.0  1826500.0,5883500.0 
1578  1826500.0,5883500.0  1825500.0,5883500.0 
1579  1825500.0,5883500.0  1825500.0,5883500.0 
